<head><title>SEARCH RESULTS</title></head>
<body><pre><b>Search command:</b>
class.x -di x -He EH1:MVNFL1000

<b>Result:</b>
4 5  M:26 5 N:6 5 H:1,21 [-40]
   1   0   2   3  -6
   0   1   4   3  -8
   0   0   5   0  -5
   0   0   0   5  -5
4 5  M:126 5 N:6 5 H:1,101 [-200]
   1   1   1   1  -4
   0   5   0   0  -5
   0   0   5   0  -5
   0   0   0   5  -5
4 5  M:130 5 N:6 5 H:1,103 [-204]
   1   1   1   1  -5
   0   3   3   3  -9
   0   0   6   0  -6
   0   0   0   6  -6
4 5  M:196 5 N:7 5 H:1,145 [-288]
   1   0   5   5 -15
   0   1   6   6 -14
   0   0  10   0 -10
   0   0   0  10 -10
4 5  M:201 5 N:7 5 H:1,149 [-296]
   1   1   1   1  -7
   0   2   2   2  -6
   0   0   8   0  -8
   0   0   0   8  -8
#NF: 5
  done (0s)
</pre></body>
