<head><title>SEARCH RESULTS</title></head>
<body><pre><b>Search command:</b>
class.x -di x -He EH11:24MVNFL1000

<b>Result:</b>
4 14  M:29 14 N:15 10 H:11,24 [-26]
   1   0   0   0  -3   0   3  -3   1   1  -2  -1   2  -1
   0   1   0   0   0   1  -1  -1   1   1   1   1   1   1
   0   0   1   0   1   0  -1   1  -1  -1   0  -1  -2   0
   0   0   0   1   3   1  -2   2   0  -2   2   0  -2   2
4 12  M:30 12 N:16 10 H:11,24 [-26]
   1   0   0   0   0   2   2   0   0   2  -3  -3
   0   1   0   0  -1   0   0   2  -2  -1  -2  -3
   0   0   1   0   1  -1  -2  -3   1  -1   3   4
   0   0   0   1   1  -1  -1  -1  -1  -1   0   0
4 15  M:30 15 N:16 11 H:11,24 [-26]
   1   0   0   0   0   2  -1  -2   0  -1  -2  -2   1  -2   0
   0   1   0  -1   0   2  -1  -1  -1  -1  -1  -1  -1  -1  -1
   0   0   1   0   0   1  -1  -1  -1  -2   0  -2   0   0   2
   0   0   0   0   1   0   1   1   0   0   0   0  -1  -1  -2
4 15  M:30 15 N:16 11 H:11,24 [-26]
   1   0   0   0   2   0   0   0  -1   0  -1  -2  -2  -3  -2
   0   1   0  -1  -2   0  -1   1   0   2   1   1   1   2   3
   0   0   1   0   1   0   1  -1   0  -1  -2   0  -2  -1   0
   0   0   0   0   0   1   1   0   1  -1   0   0   0  -1  -2
4 15  M:28 15 N:16 11 H:11,24 [-26]
   1   0   0   0   0   0  -1  -1  -1  -1  -1   2   0  -1  -1
   0   1   0   0   0   1   3   2   2   1   1  -2  -2   0   0
   0   0   1   0  -1   1   2   1   2   1   0  -2   0  -1   1
   0   0   0   1   0   1   1   0   0  -1   0  -1  -1   1  -1
4 15  M:30 15 N:16 11 H:11,24 [-26]
   1   0   0   1   0   1   1   1   0   1   1   0  -2   0  -1
   0   1   0   1   0   1   0  -1   1   0  -1  -2   0  -2  -1
   0   0   1   1  -1   0  -1  -1   2  -1  -1  -1  -1  -1  -1
   0   0   0   2  -1   1   0  -1   2   1   0  -1  -2  -2   0
4 15  M:29 15 N:16 11 H:11,24 [-26]
   1   0   0   0   1   1  -1   1   2   0  -2   1   2   0  -1
   0   1   0   0   0  -1   1   0  -1   0   1  -2  -2   0  -1
   0   0   1   0  -1   0   0   0  -1   1   2  -1  -2  -2   0
   0   0   0   1  -1  -1   1  -1  -1  -1   2  -1  -1  -1  -1
4 15  M:30 15 N:16 11 H:11,24 [-26]
   1   0   0   1   0   1   0  -1  -1  -1  -2   0   1   0  -2
   0   1   0   1  -1   1  -1  -2  -1  -2  -2   1   0  -1  -1
   0   0   1   1   0   1   0  -1   0  -2  -2   2   0  -2  -2
   0   0   0   2   0   0  -1  -2  -1  -2  -3   2   2   0  -2
4 16  M:30 16 N:16 11 H:11,24 [-26]
   1   0   0   0   0   2  -1   3   0   1   2   0   3   2  -3  -3
   0   1   0   0  -1   2   1   2  -1   0   3   2   3   1  -3  -4
   0   0   1   0   1  -1   0  -2   0   0  -2  -1  -3  -2   2   2
   0   0   0   1   0  -2   0  -2   1  -1  -2  -1  -2  -1   2   2
4 14  M:29 14 N:15 11 H:11,24 [-26]
   1   0   0  -1   0   0  -1  -1  -1  -1   1  -1  -1  -1
   0   1   0   0   0  -3  -1  -2  -3  -1   4   0  -2   1
   0   0   1   0   0   3   1   2   2   0  -2  -2   0  -2
   0   0   0   0   1   1   1   1   1   1  -2   0   0  -1
4 16  M:31 16 N:16 11 H:11,24 [-26]
   1   0   0   0   2  -1   1   1   0  -1   1  -2  -2  -2  -1  -2
   0   1   0   0  -1   1   0   0  -1   2  -1   2   1   2  -1   0
   0   0   1   0  -1   0   1  -1   0   1   1   1   0   1  -1  -1
   0   0   0   1   0   1  -1   0   1  -1  -1   0   1  -1   0   0
4 13  M:30 13 N:16 11 H:11,24 [-26]
   1   0   0   0  -1   0  -1  -2   0  -1   3  -3   3
   0   1   0   0   2   2  -1   0  -2  -1  -2   3  -3
   0   0   1   0   0  -1   1   1   0   0  -2   0  -2
   0   0   0   1  -1  -1   1   0   1   0   0  -2   0
4 13  M:30 13 N:16 11 H:11,24 [-26]
   1   0   0   2   0  -1  -2   0  -1   0  -1  -2  -2
   0   1   0  -1   0   1   1   0  -1   0   0   2  -2
   0   0   1   2   0  -1  -1  -1  -1  -1  -1  -1  -1
   0   0   0   0   1   1   1  -1   0   1   1   0  -2
4 14  M:31 14 N:16 11 H:11,24 [-26]
   1   0   0   0   1   3   1  -1  -3  -1   3  -1  -1  -5
   0   1   0   0   1   3   2  -2  -3  -1   2  -2   1  -4
   0   0   1   0  -1  -2  -1   0   1   0  -2   0   0   2
   0   0   0   1   1   0   0   0   0   1   0  -1  -1  -2
4 13  M:30 13 N:16 11 H:11,24 [-26]
   1   0   0   2   0  -1   0  -1   0  -1  -2  -3  -2
   0   1   0  -1   0   1   0  -1   0   0   2   0  -2
   0   0   1   2   0  -1  -1  -1  -1  -1  -1  -1  -1
   0   0   0   0   1   1  -1   0   1   1   0  -1  -2
4 16  M:30 16 N:16 11 H:11,24 [-26]
   1   0   0   0   1   1  -1  -1  -2  -2  -2  -2  -1   1   0  -1
   0   1   0   0   1   1   0  -1   0  -1  -1  -2  -1   0   1  -2
   0   0   1  -1   1  -1  -1  -1   0  -1   0  -1   1   0   2   0
   0   0   0   0   2   0  -1  -1  -1  -2  -2  -3  -1   2   2  -2
4 16  M:29 16 N:16 11 H:11,24 [-26]
   1   0   0   0   0  -1   0   1   1  -1  -1   0   0   2  -1   1
   0   1   0  -1   0   1  -1   1   0   1  -2  -1   1   1  -2   0
   0   0   1   0   0   1  -1   0  -1   1  -2  -2   2   0  -2   2
   0   0   0   0   1   1   1   0   0   0   1   0  -1  -1   0  -2
4 16  M:29 16 N:16 11 H:11,24 [-26]
   1   0   0   0   1   1   0   1   0   0   0  -1   0  -1   0  -2
   0   1   0   0   0  -1   0  -2   1  -1   1   2  -2   0  -2   2
   0   0   1   0   1   1   1   0   0   1  -1  -1   0   1  -1  -1
   0   0   0   1   0   1  -1   2  -2   0  -1  -1   1  -1   2   0
4 15  M:29 15 N:14 11 H:11,24 [-26]
   1   0   0   0   0  -1   0   1   1  -1  -1   2   0   0  -2
   0   1   0   0   1   1   1  -1   0  -1   1  -1   1  -2   0
   0   0   1   0   0   1  -1   0   0   1  -1  -1  -2   1   0
   0   0   0   1   1   1   1   0  -2   1   1  -1   0   0   1
4 14  M:29 14 N:16 11 H:11,24 [-26]
   1   0   1   1   0  -1   0   0   1  -1   0   0  -1  -2
   0   1   0  -2   0   1   1  -2  -1   1  -1   0   1   1
   0   0   2  -2   0   0   3  -3   1   1   0   2   2   0
   0   0   0   0   1   1   0   0  -1  -1  -1  -1  -1  -1
4 14  M:29 14 N:16 11 H:11,24 [-26]
   1   0   0  -1   0  -1   1   0   1   3   2   1  -1  -1
   0   1   0   1   0   1   1  -2  -1  -1   0   1  -2   1
   0   0   1   1   0   0  -1   0  -1  -1  -1  -1   0  -1
   0   0   0   0   1   1  -1   1  -1  -1  -2  -2   1  -1
4 12  M:30 12 N:17 11 H:11,24 [-26]
   1   0   0  -2   0   3  -2   1   0   3   0  -4
   0   1   0   1   0  -2   2  -2   0  -3   2   2
   0   0   1   2   0  -2   1  -1  -1  -2  -1   1
   0   0   0   0   1   0  -1   0  -1   0  -1  -1
4 16  M:30 16 N:16 11 H:11,24 [-26]
   1   0   0  -1   0   1   1   0  -1   1   0   1  -2  -1   0   1
   0   1   0   1   0   1   0  -1   1  -1   1  -2   1   1  -2  -3
   0   0   1   0   0   0  -1   1  -1   2  -2   2  -1   0   1   2
   0   0   0   0   1  -1   0   1   1  -1   0   0   1  -1   0   0
4 15  M:30 15 N:16 11 H:11,24 [-26]
   1   0   0   0   0   0  -1   1  -1   1  -1   1   1  -1   1
   0   1   0   0  -1   1   1   0   1   0  -1   1   1  -2   0
   0   0   1   0   1  -2   0  -2  -1   0   2   0  -4   2  -3
   0   0   0   1   0   2   0   2   1  -1  -2  -1   3  -2   2
4 15  M:31 15 N:16 11 H:11,24 [-26]
   1   0   0  -3   0  -1   1  -2   3   1   0  -4   1   3   4
   0   1   0   3   0   1  -2   1  -3  -1  -1   3  -1  -1  -3
   0   0   1   1   0   0   0   0  -1  -1   1   1  -1  -1  -2
   0   0   0   0   1   1   0   0  -1  -1   0   0   1  -1  -1
4 14  M:29 14 N:15 11 H:11,24 [-26]
   1   0   0   0  -3   0   0   1   3   1  -2  -3  -1  -1
   0   1   0   0   0   0   1   1  -1   1   1  -1   1   1
   0   0   1   0   1  -1   0  -1  -1  -1   0   1  -1   0
   0   0   0   1   3  -1   1   0  -2  -2   2   2   0   2
4 16  M:31 16 N:16 11 H:11,24 [-26]
   1   0   0   0   1   0   2   0  -1  -1  -2  -2  -2   2  -1  -2
   0   1   0   0   1   1  -1   0   0   1   1   0   1  -1  -1  -1
   0   0   1   0   0   1  -1  -1  -1   0   0   0   1  -2   2   2
   0   0   0   1  -1  -1   0   1   1  -1   0   1  -1   0   0   0
4 14  M:29 14 N:15 11 H:11,24 [-26]
   1   0   0   0   2   1  -1   0  -2  -2  -1   0   0   0
   0   1   0   1  -2   0   2   1   1   0   0  -1   1   0
   0   0   1   0   1   0  -1  -1   0   0  -1  -1  -1  -1
   0   0   0   2   0   2   0   0   0  -1  -2  -2  -1  -2
4 16  M:31 16 N:16 11 H:11,24 [-26]
   1   0   0   0   0   1   0  -1   0   1   1  -1  -1  -1   1   1
   0   1   0   0  -1   1  -1   2  -2   1  -2   2  -1  -2  -1  -2
   0   0   1   0   1   0   0  -1   1  -1   0  -2   2   2  -1   0
   0   0   0   1   1  -1   1   0   1  -1   0   0   0   0  -1  -1
4 13  M:30 13 N:16 11 H:11,24 [-26]
   1   0  -1   0   0   1   1  -2  -1  -1   3   3  -5
   0   1   1   0   0   0  -1   0  -1   2  -2  -3   1
   0   0   0   1   0  -1  -1   1   0   0  -2  -2   2
   0   0   0   0   1   1   1   0   0  -1   0   0  -2
4 12  M:31 12 N:16 11 H:11,24 [-26]
   1   0   1   0   0   2  -1   0  -2  -2   1  -3
   0   1  -1   0   0   0  -1  -2   0   3  -3   3
   0   0   0   1   0  -1   1   0   1   0  -2   0
   0   0   0   0   1  -1   1   1   0  -2   0  -2
4 15  M:31 15 N:16 11 H:11,24 [-26]
   1   0   0  -3   0  -1   2   0   1  -2   1   0  -4   3   4
   0   1   0   3   0   1  -1   1  -2   1  -1  -1   3  -1  -3
   0   0   1   1   0   0   0   0   0   0  -1   1   1  -1  -2
   0   0   0   0   1   1  -1  -1   0   0   1   0   0  -1  -1
4 14  M:29 14 N:15 11 H:11,24 [-26]
   1   0   0   1   1   0   1   0   0  -1  -1  -2   0  -1
   0   1   0   0  -2  -1   0   1  -2  -1   2   0   0   0
   0   0   1   0   0   1  -1   0   0   1  -1   1   1   1
   0   0   0   2  -2  -1   2   3  -3  -2   2  -2   1   0
4 15  M:30 15 N:16 11 H:11,24 [-26]
   1   0   1   0   1   0   0   0  -1   0  -2   0   0  -2  -1
   0   1   0   0   0   1  -1   1   1  -1   0   0  -1   1  -2
   0   0   2   0   0  -2   1  -2  -2   0  -1  -1   0  -2   1
   0   0   0   1  -1   0   1  -1   1  -1   0   1   1   0   1
4 15  M:31 15 N:16 11 H:11,24 [-26]
   1   0   0   0   0   2  -1   1   1  -2   1  -2  -3  -1  -2
   0   1   0   0  -1  -1   0   0   0   2  -1   3   3  -1   0
   0   0   1   0   0  -1   0  -1   1   1   1   1   1  -1  -1
   0   0   0   1   1   0   1   0  -1   0  -1  -1  -1   0   0
4 15  M:31 15 N:16 11 H:11,24 [-26]
   1   0   0   0   0   1   1   0  -1   1  -1  -1  -1   1   1
   0   1   0   0   0   1   0  -1   2  -2   2  -1  -2  -2  -3
   0   0   1   0  -1   0   1   0  -1   0  -2   2   2   0   1
   0   0   0   1   1  -1  -1   1   0   0   0   0   0  -1  -1
4 14  M:29 14 N:16 11 H:11,24 [-26]
   1   0   0   0   1   0   0   1   0   0   0  -1   0  -2
   0   1   0   0   1   1   1   0   0   0  -1   1  -1  -1
   0   0   1   0  -1   0  -1  -2   1  -2   2   0  -2   2
   0   0   0   1   1  -1   0   2  -2   1  -2  -1   2   0
4 14  M:29 14 N:16 11 H:11,24 [-26]
   1   0   0   0   0  -1   1   2  -1   0  -1  -2  -2  -3
   0   1  -1   0   0  -1   1   1  -2   2   1  -3   0  -4
   0   0   0   1   0   0   1   0   0   1   0  -1  -1  -2
   0   0   0   0   1   2  -2  -2   2  -2   0   4   1   4
4 13  M:31 13 N:17 11 H:11,24 [-26]
   1   0   0   0  -1   1   1  -1   1  -1  -1   1   1
   0   1   0   0   2  -2   1   2   0  -1  -2  -3  -4
   0   0   1   0  -1   0   0  -2   1   2   2   0   1
   0   0   0   1   0   0  -1   0  -1   0   0  -1  -1
4 15  M:31 15 N:17 11 H:11,24 [-26]
   1   0   0  -3   0   1  -2   3   1   0  -4   2   3   4   5
   0   1   0   3   0  -2   1  -2   0  -1   3   0  -1  -2  -4
   0   0   1   1   0   0   0  -1  -1   1   1  -1  -1  -2  -3
   0   0   0   0   1   0   0  -1  -1   0   0  -1  -1  -1  -1
4 13  M:30 13 N:16 11 H:11,24 [-26]
   1   0   0   0   2   0   0   0   0  -1  -2  -2  -2
   0   1   0  -1  -2   0  -1   1   2   1   0   1   3
   0   0   1   0   1   0   1  -1  -1  -2   0  -2   0
   0   0   0   0   0   1   1   0  -1   0   1   0  -2
4 15  M:30 15 N:16 11 H:11,24 [-26]
   1   0   0   2   0   0   1   0  -2  -1   0  -2  -2  -2   0
   0   1   0   2   0  -1   0  -1  -1  -1  -1  -1  -1  -1  -1
   0   0   1   1   0  -1   1  -1  -1  -2   0   0   0  -2   2
   0   0   0   0   1   1  -1   0   1   0  -1   0  -1   0  -2
4 15  M:29 15 N:16 11 H:11,24 [-26]
   1   0   0   0   0   0  -1   2   0  -2   3  -1  -2  -2  -2
   0   1   0  -1   0   2   3  -3   1   3  -3   0   4   3   1
   0   0   1   1   0  -1  -1   0  -1  -1   0   0  -1  -1  -1
   0   0   0   0   1  -1  -1   1  -1  -1   1   1  -2  -2  -1
4 14  M:31 14 N:16 11 H:11,24 [-26]
   1   0   0   0   0  -1   1   1   1  -1  -1  -1   1   1
   0   1   0   0  -1   2   1  -2   1   2  -1  -2  -2  -3
   0   0   1   0   1  -1  -1   0   0  -2   2   2  -1   0
   0   0   0   1   1   0  -1   0  -1   0   0   0  -1  -1
4 13  M:30 13 N:17 11 H:11,24 [-26]
   1   0   0   0  -1   1   1   1  -1  -1  -1   1   1
   0   1   0   0  -1  -1   0   0   2  -2   2  -1   0
   0   0   1   0   2   1  -2   1  -1   2  -2  -2  -3
   0   0   0   1   0  -1   0  -1   0   0   0  -1  -1
4 13  M:30 13 N:17 11 H:11,24 [-26]
   1   0   0   1  -1  -1   0  -1  -1   1   1   1   1
   0   1   0   0   1  -1   1   1  -2   0   1   0   1
   0   0   1   0   0   0   0   0   0  -1  -1  -1  -1
   0   0   0   2   0  -2   2   1  -2  -1  -1   3   4
4 12  M:29 12 N:17 11 H:11,24 [-26]
   1   0   0   0   1   2   2   0   2   0  -3  -3
   0   1   0   0   0  -1  -2   1  -1  -3   3   4
   0   0   1   0  -1   0   0  -2  -1   2  -2  -3
   0   0   0   1   0  -1  -1  -1  -1  -1   0   0
4 12  M:30 12 N:16 11 H:11,24 [-26]
   1   0   0   0   0   2   2   2   0   0  -3  -3
   0   1   0   0  -1   0   0  -1  -2   2   1   0
   0   0   1   0   1  -1  -2  -1   1  -3   0   1
   0   0   0   1   1  -1  -1  -1  -1  -1   0   0
4 17  M:29 17 N:16 12 H:11,24 [-26]
   1   0   0   0   1  -1  -1   1   1   1   0   0   1  -1  -1   1   1
   0   1   0   0   0   0   0   0  -1  -2   1  -2  -1  -1   2  -1   0
   0   0   1   0  -1   1   0   0   1   1  -1   2   0   1   0  -1  -2
   0   0   0   1  -1   1   0  -1  -1  -1  -1  -1   0   0   2   0   0
4 17  M:29 17 N:16 12 H:11,24 [-26]
   1   0   0   0   2   0   0  -1   0  -1  -1  -2  -2  -3  -1   2   2
   0   1   0   0  -1   0  -1   0   1   0   1   1   1   1   1  -2  -1
   0   0   1   0  -1   0   0   0   1   1   0   0   0   1  -1  -1  -2
   0   0   0   1  -1  -1   0   0  -1   1   0   1   2   2   1  -2   0
4 12  M:29 12 N:15 12 H:11,24 [-26]
   1   0   0   0   0   0   2  -1  -1   0   2  -2
   0   1   0   0   2   0  -1  -1   2  -2   0   0
   0   0   1   0  -1  -1   0   0   0   1  -1  -1
   0   0   0   1  -1   1  -1   2  -1   0  -1   1
4 12  M:29 12 N:15 12 H:11,24 [-26]
   1   0   0   0   2   0  -1   2  -1   0   0  -2
   0   1   0   0   0   2  -1  -1   2   0   0  -2
   0   0   1   0  -1  -1   0   0   0  -1  -1   1
   0   0   0   1  -1  -1   2  -1  -1  -1   1   2
4 17  M:30 17 N:16 12 H:11,24 [-26]
   1   0   0   0   2   0   0  -1  -1  -1  -1  -1   0  -1  -1  -1  -1
   0   1   0   0  -1   0  -1   1   0  -1   0   1   1   2   0   1  -1
   0   0   1   0   2  -1   1  -2  -1  -1  -2   0  -1  -2  -2  -2   0
   0   0   0   1   0   1  -1   1   1   0   0   1  -1   0   1  -1  -1
4 15  M:30 15 N:16 12 H:11,24 [-26]
   1   0   0   0   1  -1   0   0   0   1   0   0  -1   1  -2
   0   1   0   0  -1   1   1   1   0   0   1   0  -1  -1   1
   0   0   1   0   0   0   0  -1   1  -2  -2  -2   2  -2   0
   0   0   0   1  -1   1   1   2  -2   2   2   1  -1   1   0
4 16  M:30 16 N:16 12 H:11,24 [-26]
   1   0   0   0   0  -1   0   1   1   1   1   1   0  -1  -2   0
   0   1   0   0   0   2  -1   0  -1  -2  -2  -3  -1   2   2  -2
   0   0   1   0   0   1   0   1   0  -1  -2  -2  -2   0   2  -2
   0   0   0   1  -1  -1   0   1   0   0   0   1   0  -2  -1   1
4 15  M:30 15 N:16 12 H:11,24 [-26]
   1   0   0   2   0   0  -1   0  -1  -1  -1  -1  -1  -1  -1
   0   1   0  -1   0  -1   0  -1   0   0  -1   2  -1  -1   0
   0   0   1   2   0   1   1   0  -1  -2  -1  -2   0  -1  -2
   0   0   0   0   1  -1  -1  -1  -1   0   0   0  -1  -1   2
4 15  M:29 15 N:16 12 H:11,24 [-26]
   1   0   0   0  -1   1   0  -1   1   0   0  -2   0   1  -1
   0   1   0   0   1   0   0   1   0   1  -1   1  -1   0  -2
   0   0   1   0   0   1  -1  -1  -2  -2   2   0   0  -2   2
   0   0   0   1   1  -1   1   1   0   0  -1   1   1  -1  -1
4 15  M:28 15 N:16 12 H:11,24 [-26]
   1   0   0   0   1   1  -1   0   2  -1  -1  -1   2   2   1
   0   1   0   0   0  -1   1   1  -1   0   1  -1  -1  -2  -1
   0   0   1   0   0   1  -1  -1   0  -1   1   1  -1   0  -1
   0   0   0   1  -1  -1   1   1  -1   0  -1   1  -1  -1  -1
4 16  M:30 16 N:16 12 H:11,24 [-26]
   1   0   1   0   0   1   0   1  -1   0  -1   0  -2   0   0  -2
   0   1   0   0  -1   1   1   0   0   1  -2  -1   0   0  -1   1
   0   0   2   0   1  -1  -2   0  -1  -2   1   0  -1  -1   0  -2
   0   0   0   1   1  -1   0  -1   1  -1   1  -1   0   1   1   0
4 14  M:29 14 N:16 12 H:11,24 [-26]
   1   1   0   1   1   0   0  -1   0   0  -1   0  -1  -2
   0   2   0   0   0  -1   2  -1  -1  -1   0  -1  -1  -1
   0   0   1   0  -1   0   0   1   0  -1  -1  -1  -1  -1
   0   0   0   2   0  -1  -1   0   2   0  -2  -1  -2  -2
4 16  M:29 16 N:16 12 H:11,24 [-26]
   1   0   0   0  -1   1   0   0   0   1   0   1  -1  -2  -1  -1
   0   1   0   0   2  -2   0   2   2  -1   1  -2   0   2   1   0
   0   0   1   0  -1   1  -1  -1  -1   1  -1   0   1  -1  -1  -1
   0   0   0   1  -1   1   0  -1  -2   0   0   2   1  -2  -2  -1
4 17  M:29 17 N:16 12 H:11,24 [-26]
   1   0   0   0   1  -1   0  -1   0   1   1   0  -1   1  -1   1   1
   0   1   0   0  -1   1   0   0   2   0  -1  -1   0  -2   1  -2  -2
   0   0   1   0  -2   2  -1   0   2  -1  -2  -1   1  -2   0  -1  -2
   0   0   0   1   1  -1   0   0  -1   0   0  -1  -1   0   1   1   2
4 15  M:28 15 N:15 12 H:11,24 [-26]
   1   0   0   0  -1   1  -2   0   0   3   0  -1  -2  -2  -1
   0   1   0   0   0  -2   2   0   2  -3  -2   0   0   2  -1
   0   0   1   0   1   1  -1  -1  -1   1   2   1   1  -2   2
   0   0   0   1   1   0  -1  -1  -1   0   1   0   1  -1   1
4 14  M:29 14 N:15 12 H:11,24 [-26]
   1   0   0   0   0  -1   1  -2   0  -2   0   2   0  -2
   0   1   0   0   0   1  -1   2  -1   1  -1   0  -2   0
   0   0   1  -1   0   0  -1  -1   0   0   1   1   1   1
   0   0   0   0   1   1   1   1   1   1  -1  -2   0   0
4 15  M:29 15 N:16 12 H:11,24 [-26]
   1   0   0  -1   0   1  -1   2   0  -2   1  -2   2  -3   2
   0   1   0   0   0   0   1  -1   1   2  -2   2  -2   2  -2
   0   0   1   0   0  -1   0  -2   0   1   0   1  -2   2  -3
   0   0   0   0   1   0   1  -1  -1   1   0   0  -1   2  -2
4 15  M:30 15 N:16 12 H:11,24 [-26]
   1   0   0   0   0   1   0   0   1  -1   0  -1   0  -1  -2
   0   1   0   0   0  -1   2   0  -2   1  -1  -1  -2  -2   0
   0   0   1   0   0  -1   1  -1  -2   0  -2   1  -2   0   2
   0   0   0   1  -1   2  -2   1   2   0   1   0   1   0  -1
4 14  M:29 14 N:15 12 H:11,24 [-26]
   1   0   0   0   0   0  -1   1   0   0  -1  -1  -1  -1
   0   1   0   0   1   1   1   0   1  -2  -1   1   1  -1
   0   0   1   0  -1   0   1  -2  -1   2   2   0   0   0
   0   0   0   1   0  -1   0   0  -2   1   1  -1   1  -1
4 14  M:29 14 N:15 12 H:11,24 [-26]
   1   0   0   0   0   0   1   0   0  -1  -1  -2  -1  -1
   0   1   0   0   1   1   0   1  -2  -1   1   0   1  -1
   0   0   1   0  -1   0  -2  -1   2   2   0   1   0   0
   0   0   0   1   0  -1   0  -2   1   1  -1   0   1  -1
4 16  M:29 16 N:16 12 H:11,24 [-26]
   1   0   0  -1   0   2   0  -1  -2   1  -2  -3   2  -1   0  -2
   0   1   0   1   0  -1   0   1   2   0   2   2  -2   1  -1   0
   0   0   1   1   0  -1   0   1   1  -1   0   1  -1  -1   1   0
   0   0   0   0   1  -1  -1   1   1  -1   1   2   0   0  -1   1
4 14  M:30 14 N:16 12 H:11,24 [-26]
   1   0   0   1   0  -1   0   1   1   0  -2  -2   0  -4
   0   1   0  -1   1   2   0  -2  -2   1   3   2  -2   4
   0   0   1  -1   1   1   0   0  -1  -1   1   1  -1   1
   0   0   0   0   0   0   1   0   1  -1  -1   0   2  -2
4 14  M:29 14 N:16 12 H:11,24 [-26]
   1   0   0   0   0   0  -1  -1  -2   2   0  -2  -3  -1
   0   1   0   0   0   1   1   0   1  -2   0   1   1  -1
   0   0   1   0   0   1   1   1   0   0  -2   1   1  -1
   0   0   0   1  -1   1   0   0   0  -1  -1   0   1   1
4 15  M:29 15 N:15 12 H:11,24 [-26]
   1   0   0   0   0   0   0   0   1  -1   0  -1  -2  -1  -1
   0   1   0   0   0   0  -1   2  -2   2  -1   0   1   0   0
   0   0   1   0   0   1   2  -2   0  -1   0   1   0   1  -1
   0   0   0   1  -1   1   1  -1   0  -1   1   1   0  -1   1
4 15  M:28 15 N:16 12 H:11,24 [-26]
   1   0   0   0   0   0   0  -1   1   1   0   0   0  -1  -2
   0   1   0   0  -1   1   0   0   1  -1   1  -1  -2   0  -1
   0   0   1   0   1  -1   1   2  -1  -1   0  -1   0  -1   1
   0   0   0   1   1  -1   1   1  -2   0  -2   1   1   1   1
4 14  M:29 14 N:16 12 H:11,24 [-26]
   1   0   0   0   0  -1   0   1   0  -1  -1  -1  -1  -1
   0   1   1   1   0   1   0  -1   0   0   0  -1  -1  -2
   0   0   2   0  -1   1   2  -1  -1   0   1  -1  -1  -1
   0   0   0   2  -1   1  -1   0   2   1   0   0  -1  -2
4 14  M:28 14 N:16 12 H:11,24 [-26]
   1   0   0   0   0   1   2   0  -2   2   1   1  -2  -2
   0   1   0   0   0   0  -1   1   1  -2  -1  -2   2   0
   0   0   1   0   0  -1  -2   0   2  -2  -2  -1   1   0
   0   0   0   1  -1   0  -1  -1   2  -1   0  -1   0   1
4 14  M:29 14 N:15 12 H:11,24 [-26]
   1   0   0   0   0   2   0   0  -1  -1   2   1  -2   0
   0   1  -1   0   0   2  -1  -1  -1  -1   2   0  -1  -1
   0   0   0   1   1  -1   1   1   1   1  -2  -1   0  -1
   0   0   0   0   2   0   0   1  -1   2  -1  -1   0  -2
4 14  M:31 14 N:16 12 H:11,24 [-26]
   1   0   0   0   1   1   3  -3  -1  -1  -1  -1   3  -5
   0   1   0   0   1   2   3  -3  -2   0   0  -1   2  -6
   0   0   1   0  -1  -1  -2   1   0   0   0   0  -2   2
   0   0   0   1   1   0   0   0   0  -1   1   1   0  -2
4 15  M:31 15 N:16 12 H:11,24 [-26]
   1   0   0   0  -2   3   1   1   1  -1  -1  -3   3  -1  -5
   0   1   0   0  -1   3   2   0   2  -2   0  -3   2  -1  -4
   0   0   1   0   1  -2  -1  -1  -1   0   0   1  -2   0   2
   0   0   0   1  -1   0   0   1   1   0  -1   0   0   1  -2
4 14  M:31 14 N:16 12 H:11,24 [-26]
   1   0   0   0   1   1   3   1  -1  -3  -1   3  -1  -5
   0   1   0   0   0   1   3   2  -2  -3  -1   2   1  -4
   0   0   1   0  -1  -1  -2  -1   0   1   0  -2   0   2
   0   0   0   1   1   1   0   0   0   0   1   0  -1  -2
4 15  M:31 15 N:16 12 H:11,24 [-26]
   1   0   0   0   0   2   2   1   3   0  -3  -2  -1   2  -6
   0   1  -1   0   0   1   1   1   3  -1  -3  -1  -1   3  -5
   0   0   0   1   0  -1  -1  -1  -2   0   1   0   0  -2   2
   0   0   0   0   1   1   0   1   0  -1   0   0   1   0  -2
4 16  M:31 16 N:16 12 H:11,24 [-26]
   1   0   0   1   0   0   0   1  -1  -1   0   0   1   0  -1  -2
   0   1   0   0   1   1  -1   0  -1   1  -2   0  -2   1   1   0
   0   0   1   0  -1   0   1  -1   1  -1   0   1   0  -1  -1  -1
   0   0   0   2   2   3  -1   2  -2   1  -3   1  -2   3   2  -1
4 16  M:31 16 N:16 12 H:11,24 [-26]
   1   0   0   0   1   1   3   1  -2  -1  -3  -1  -1  -1   3  -5
   0   1   0   0   2   1   3   2  -1  -2  -3   0  -2  -1   2  -4
   0   0   1   0  -1  -1  -2  -1   1   0   1   0   0   0  -2   2
   0   0   0   1   1   1   0   0  -1   0   0  -1  -1   1   0  -2
4 16  M:28 16 N:16 12 H:11,24 [-26]
   1   0   0   0   0   0   0   0  -1   1   1   0   1   0  -1  -2
   0   1   0   0  -1   0   0   0   1  -1   1   2  -1  -2  -2   0
   0   0   1   0   1   0  -1   1   1   0  -1  -1  -1   0   1   0
   0   0   0   1   1  -1   0   1   1   1  -2  -2   0   1   1   1
4 15  M:30 15 N:16 12 H:11,24 [-26]
   1   0   0  -1   2   0  -1  -1  -1  -1  -1  -1  -1  -1  -1
   0   1   0  -1   1   0   0  -2   1  -2   1  -2  -1   1  -2
   0   0   1   2  -2   0   1   2   0   2   0   1   1  -1   0
   0   0   0   0   0   1   1   0   1  -1   0   0   1  -1  -2
4 15  M:30 15 N:16 12 H:11,24 [-26]
   1   0   0  -1   0   2  -1   1  -1  -2   0  -1   0  -2  -3
   0   1   0  -1   0   1  -2   1   1  -2   2  -2   0   0  -4
   0   0   1   2   0  -2   2  -2   0   3  -2   1  -1   1   4
   0   0   0   0   1   0   0   1   0  -1   1   0   1  -1  -2
4 17  M:31 17 N:16 12 H:11,24 [-26]
   1   0   0  -3   0  -1   3   1  -2   0  -2   3   2   0  -4   1   4
   0   1   0   3   0   1  -1  -2   1  -1   1  -2  -1  -1   3  -1  -3
   0   0   1   1   0   0  -1   0   0   0   0  -1  -1   1   1  -1  -2
   0   0   0   0   1   1  -1   0   0   1   1  -1  -1   0   0   1  -1
4 15  M:30 15 N:16 12 H:11,24 [-26]
   1   0   0   0   2   0  -1  -1  -2   0  -1   1  -2  -2   0
   0   1   0  -1   2   0   0  -1  -1  -1  -1  -1  -1  -1  -1
   0   0   1   0   1   0   0  -1  -1  -1  -2   0   0  -2   2
   0   0   0   0   0   1   1   1   1   0   0  -1   0   0  -2
4 16  M:29 16 N:16 12 H:11,24 [-26]
   1   0   0   0   1   0   0   0   1   0   1   0   0  -1  -1  -2
   0   1   0   0   0   0  -1   0  -2  -1  -1   1  -2  -1   2   0
   0   0   1   0  -1  -1   0   1   0   1  -1   0   1   2  -1   1
   0   0   0   1  -1   0   0   1   2   2   0  -2   2   2  -1   0
4 16  M:29 16 N:16 12 H:11,24 [-26]
   1   0   0   0  -1   0   0   0   1   1   0   0   2   2  -2  -1
   0   1   0   0   1   1  -1   0   0  -1  -1  -1   0  -1   2  -1
   0   0   1   0   0  -1   1   1   1   1   1  -1   1   1  -2   0
   0   0   0   1   1   0   0   1  -1  -2  -1   0  -1  -2   1  -1
4 14  M:30 14 N:16 12 H:11,24 [-26]
   1   0   0   2   0   0  -1  -1  -1  -1  -1  -1  -1  -1
   0   1   0  -1   0   0   1   0   0  -1   2   0   0  -2
   0   0   1   2   0  -1  -2   1  -2  -1  -2  -1  -2   0
   0   0   0   0   1   1   1  -1   0   0   0   1   1  -2
4 13  M:29 13 N:15 12 H:11,24 [-26]
   1   0   0   0   0   2   0  -1  -2  -2   1  -2   0
   0   1   0   0   0   1  -1  -2   0  -2   0  -2   2
   0   0   1  -1   0  -2   1   1   1   0   1   1   1
   0   0   0   0   1   0   0   0   0   1  -1   0  -2
4 15  M:28 15 N:16 12 H:11,24 [-26]
   1   0   0   0   1   1  -1   0   2  -2   2   2  -1  -1   1
   0   1   0   0  -1  -1   1   1  -1   0  -1  -1  -1   1  -1
   0   0   1   0   0  -1   1   1  -1   1  -1  -2   1  -1  -1
   0   0   0   1   0   1  -1  -1   0   0  -1   0   1   1  -1
4 15  M:30 15 N:16 12 H:11,24 [-26]
   1   0   0   2   0   1   0   0  -1   1  -1  -1  -2  -2  -2
   0   1   0   2   0   0   0  -1  -1  -1  -1  -1  -1  -1  -1
   0   0   1   1   0   1   1  -1  -1   0  -2   0   0  -2   0
   0   0   0   0   1  -1  -1   0   1  -1   0  -1   0   0   2
4 15  M:29 15 N:15 12 H:11,24 [-26]
   1   0   0   0   0   0  -1   0  -2   2   0  -1  -2   1   0
   0   1   0   0   0  -1  -2  -2   0   2  -2   0   1  -2   0
   0   0   1  -1   0   1   1   0   0  -1   1   1   0   0   1
   0   0   0   0   1   1   2   1   1  -2   1   0   0   0  -1
4 15  M:29 15 N:16 12 H:11,24 [-26]
   1   0   0   0   1  -1   0   0  -2  -2   0   2   1   2   2
   0   1   0   1   0   0  -1   1   1   0   0  -1   0  -1  -2
   0   0   1   0   0   1   1  -1   0   0  -1  -1  -1  -1  -1
   0   0   0   2   2  -1  -1   0   0  -1  -1   0  -1  -1  -1
4 16  M:29 16 N:16 12 H:11,24 [-26]
   1   0   0   0   0   1   1   1  -2  -1   0   1  -2   1   0   1
   0   1   1   0   1   0  -1   0   1   0   0  -1   0  -2   0  -1
   0   0   2   0   0   2   0   0   0  -1  -1  -1  -1  -1  -1  -1
   0   0   0   1  -1   0   1  -1   0   1  -1  -1   0   1   1   1
4 14  M:29 14 N:16 12 H:11,24 [-26]
   1   0   0   0   0  -1   0   2   1  -2  -1  -2  -2   0
   0   1   0   0   0   2   1  -2   0   2   0   0   0  -1
   0   0   1   0   0   1   0   0  -1   1  -1   0  -1  -2
   0   0   0   1  -1  -1  -1   1   0  -2   1  -1   0   2
4 13  M:29 13 N:17 12 H:11,24 [-26]
   1   0  -1   0   0   3   1  -1  -3   3  -1  -1  -5
   0   1   0   0   0   3   2  -2  -3   2  -2   1  -4
   0   0   0   1   0   0   0   0   0   0  -1  -1  -2
   0   0   0   0   1  -2  -1   0   1  -2   0   0   2
4 15  M:27 15 N:16 12 H:11,24 [-26]
   1   0   1   0  -1   0   1   1   1   0   0  -1  -1  -2  -1
   0   1  -1   0   1   0   0   1   0  -2   2   2  -2   0  -3
   0   0   0   1   0   0  -1   0   1   0   1   1  -1  -1  -2
   0   0   0   0   0   1   0  -1  -1   1  -2  -1   1   0   2
4 15  M:27 15 N:16 12 H:11,24 [-26]
   1   0   0   0  -1   1  -1   0   2   0   0  -2   1  -2   0
   0   1   0   0   0   0   1   0  -1  -1  -1   2  -2   1   0
   0   0   1   0   1  -1   1   1  -1   1   1   0   0   0  -2
   0   0   0   1   0   0  -1  -1   1   1   0  -1   0   0  -1
4 16  M:31 16 N:16 12 H:11,24 [-26]
   1   0   0   1   0  -1   1   0   0   0  -1   0   0   1  -1  -2
   0   1   0   0   1   0   0   1  -1  -2   0   0   1  -2   0  -1
   0   0   1   0  -1   1  -1   0   1   0  -1   1  -1   0   1   1
   0   0   0   2   2  -1   2   3  -1  -3   0   1   3  -2   0  -3
4 13  M:29 13 N:16 12 H:11,24 [-26]
   1   0   0   0   0   1   0   0   0   0   0  -1  -2
   0   1   0  -1   0  -2   3   1  -1  -3   3   1  -1
   0   0   1   0   0  -1   3   2  -2  -3   2   2  -2
   0   0   0   0   1   1  -2  -1   0   1  -2  -1   0
4 15  M:27 15 N:16 12 H:11,24 [-26]
   1   0   0   0   1  -1   0   0   0   1   0  -1  -1   1   2
   0   1   0   0  -1   1   1   1  -1   0   0   1  -1  -1  -1
   0   0   1   0   1  -1   0  -1   1  -1  -2   1  -1  -1   0
   0   0   0   1  -1   1   1   1   0   0   1  -1   1  -1  -2
4 17  M:29 17 N:16 12 H:11,24 [-26]
   1   0   0   1   0   0  -1  -1   1   1   0   1   1   1   0  -2  -1
   0   1   0   1   0   0   0  -1   1   0   1   0  -1   0   0  -1  -2
   0   0   1   1   1  -1   0  -1   1   1   0   1   0   0  -1   0  -2
   0   0   0   2   1  -1   0  -2   0   1   1   2   1   2   1  -2  -2
4 17  M:30 17 N:16 12 H:11,24 [-26]
   1   0   0   0   0   0   1   0   1   1   0   0   0  -1  -1  -1  -2
   0   1   0   0   0   0   1   1   0  -1  -1  -2  -2   0  -1  -1   0
   0   0   1   0   0  -1   0   2  -1  -1  -1  -1  -1  -1  -1  -1  -1
   0   0   0   1  -1   0  -1  -2   0   1   0   1   2   2   0   3   2
4 14  M:29 14 N:16 12 H:11,24 [-26]
   1   0   0   0   0   1   0   0   0   0   0  -1  -1  -2
   0   1   0   0   0   1   2   0  -1  -2  -2   0  -3  -2
   0   0   1   0   0   1   1  -1  -2   0  -2  -1  -1   0
   0   0   0   1  -1   0  -2   1   1   1   1   1   1   1
4 15  M:30 15 N:16 12 H:11,24 [-26]
   1   0   0  -2   0  -3   1   3   1   1  -1   3  -1  -1  -3
   0   1   0   1   0   2   0  -2  -1  -2   0  -3   0   2   2
   0   0   1   2   0   2  -1  -2  -1  -1   0  -2   0   0   1
   0   0   0   0   1  -1   1   0   1   0  -1   0   1  -1  -1
4 14  M:29 14 N:16 12 H:11,24 [-26]
   1   0   0   0   0  -1   2   0  -1   1  -2  -2  -2   0
   0   1   0  -1   0   0  -2   1   1   1   1   1   1   1
   0   0   1   0   0   0   1  -1  -2   0   0  -2   0   2
   0   0   0   0   1   1   0   0   0  -1   0   0  -1  -2
4 15  M:30 15 N:16 12 H:11,24 [-26]
   1   0   0   0   0   0   0   1  -1   1  -1   0   0  -2  -1
   0   1   0   0   1   2  -2   2   1   1   0   1   2  -2  -2
   0   0   1   0   0  -1   1  -2   0  -1   1  -2  -2   2   0
   0   0   0   1  -1  -1   2  -2   0  -2   0  -1  -1   1   0
4 15  M:30 15 N:16 12 H:11,24 [-26]
   1   0   0   0   0  -1   1  -1   0   1   0  -1   0   0  -2
   0   1   0   0   0  -2   2  -1   2   0  -2   1   3   2  -2
   0   0   1  -1   0   2  -1   2  -1  -1   1  -1  -3  -3   3
   0   0   0   0   1   2  -1   1  -1  -1   0  -1  -2  -2   1
4 16  M:30 16 N:16 12 H:11,24 [-26]
   1   0   0   0  -2   2  -2   0   1   3   3  -3  -1   1  -1   3
   0   1   0   0   1   0   1   1  -1  -1  -2   1   1  -2   1  -3
   0   0   1   0   2  -1   1   0  -1  -2  -2   1   0  -1   0  -2
   0   0   0   1   0  -1   1  -1   1  -1   0   1  -1   0   1   0
4 15  M:27 15 N:16 12 H:11,24 [-26]
   1   0   0   0   0   0  -1   1   0   0  -1  -1  -1  -1  -1
   0   1   0   0  -1   0   1   0   2  -1   1   2   0  -1  -2
   0   0   1   0   1   1   0  -1  -2   1   0  -1  -1   0   0
   0   0   0   1   1   1   0  -1  -1  -1  -1  -1   1   2   2
4 15  M:28 15 N:16 12 H:11,24 [-26]
   1   0   0   0   0   1   0   1   1  -1  -2   1   1   0   0
   0   1   0   0  -1   0   1   1  -1   0   1  -1  -2  -1  -1
   0   0   1   0   1  -1  -1  -1   1  -1   1   1   1  -1   1
   0   0   0   1   1   0  -1  -1   0   0   1  -1   0   1  -1
4 17  M:28 17 N:16 12 H:11,24 [-26]
   1   0   0   0   1   0   1   1   0  -1   0  -1  -1   0   0  -2  -2
   0   1   0   0  -1   0  -1   0  -1   0  -2  -1   0   1  -2   1   2
   0   0   1   0   1  -1   1   0   1   1   1   1   0  -2   1   0   0
   0   0   0   1  -1   0   0  -1   0   0  -1  -1  -1   2  -2   0   1
4 15  M:29 15 N:16 12 H:11,24 [-26]
   1   0   0   0  -1   1   1  -1   0  -1   2   1   2   0  -2
   0   1   0   0   2  -1   0   2   1   0  -1   0  -2  -2   2
   0   0   1   0  -1   1   0  -1  -1  -1   0  -1   0   2  -1
   0   0   0   1   1  -1  -1   0  -1   1  -1  -1  -1  -1   0
4 15  M:29 15 N:16 12 H:11,24 [-26]
   1   0   0   0  -1   0   0   1   2  -1   0  -2   2   0   0
   0   1   0   0   2   0   0   0  -2   2   1   2  -4  -2  -2
   0   0   1   0   1   0  -1  -1  -2   2   0   1  -3  -2  -1
   0   0   0   1  -1  -1   0   0   1  -2  -1   0   2   1   0
4 18  M:29 18 N:16 12 H:11,24 [-26]
   1   0   0  -1   0  -1   1  -1   0  -2   1   2   0   0  -1   0   1   0
   0   1   0   1   0   1   0   0   0   2   0  -1   1  -1   0  -1  -2  -2
   0   0   1   1   0   0  -1   1   1   1   0  -1   0   1  -1  -1   0   0
   0   0   0   0   1   1   0   0   1   1  -1   0  -1   0   0   0  -1  -1
4 15  M:29 15 N:16 12 H:11,24 [-26]
   1   0   0   0  -1   0  -1   2   0  -1  -1  -1  -1  -1  -1
   0   1  -1   0  -1   0   0   1   1  -2   1   2  -2   0  -4
   0   0   0   1   2   0   1  -2  -1   2   0  -1   2   0   2
   0   0   0   0   0   1   1   0   1   0   0   1  -1  -1  -2
4 15  M:27 15 N:16 12 H:11,24 [-26]
   1   0   0   0   0   0   1   1   1  -1  -1  -1   1   0  -2
   0   1   0   0   0   1   0  -1  -1   0   0   1  -2  -1   2
   0   0   1   0   0   1   0  -1  -1  -1   2  -1  -2  -2   0
   0   0   0   1  -1   0   1   2   0   1  -2   0   2   2  -1
4 15  M:29 15 N:16 12 H:11,24 [-26]
   1   0   0   0   0   1   1   0   1   0   0  -1  -1  -1  -2
   0   1   0   0   0   1   0   2  -1   0  -2   0  -2  -3  -2
   0   0   1   0  -1   1   0   1  -1  -1  -1  -1   0  -1   0
   0   0   0   1   0   0   1  -2   1   1   0   1   1   1   1
4 17  M:29 17 N:16 12 H:11,24 [-26]
   1   0   0   0   0   0   0   1   0  -1   1   1   0  -1  -1  -1  -2
   0   1   0   0  -1   0   0   1  -1   0  -1  -2   2   2   0   1   1
   0   0   1   0   1   0   1  -1   2   1  -1   0  -2  -1   1  -1   0
   0   0   0   1   1  -1   1   0   1   1   0   0  -1  -1  -1   0   0
4 13  M:29 13 N:16 12 H:11,24 [-26]
   1   0   0   0   0  -1   2   3  -3  -2   1   2  -4
   0   1  -1   0   0   0   1   3  -3  -1  -1   3  -5
   0   0   0   1   0   1   0   0   0   0  -1   0  -2
   0   0   0   0   1   0  -1  -2   1   0   0  -2   2
4 14  M:30 14 N:16 12 H:11,24 [-26]
   1   0   0   1   0  -1  -1   1   1  -1  -1   1  -1   1
   0   1   0   1   0   1   0   0  -1   0  -1  -2  -2  -4
   0   0   1   0   0  -1   1   0  -1   2   2   0   2  -2
   0   0   0   0   1   1   0  -1  -1  -1  -1  -2  -2  -2
4 14  M:29 14 N:17 12 H:11,24 [-26]
   1   0   0   0   2  -1   0  -2   2   0  -1  -1  -2  -2
   0   1   0   0  -1  -1   1   1  -1   1  -1   2   2   1
   0   0   1   0  -1   1  -1   1  -2   1   2   0   0  -1
   0   0   0   1   0   0  -1  -1   0  -1   0  -1  -1  -1
4 15  M:29 15 N:16 12 H:11,24 [-26]
   1   0   0   0   1   0  -1  -1   1  -2  -1   1  -1  -2  -3
   0   1   0   0  -1   1   2   1   0   1   2  -2   0  -1   0
   0   0   1   0   1  -1  -1   0   0  -1   0   2  -2  -2  -3
   0   0   0   1   1  -1  -1   0  -1   0  -1   0   0   1   1
4 16  M:29 16 N:16 13 H:11,24 [-26]
   1   0   0   0   0   0   0   0   1  -1   1   0  -1   0   2  -2
   0   1   0   0  -1   1  -1   0  -1   0  -1   1   0  -1  -1  -1
   0   0   1   0   1  -1   0   1   1   1   1  -2   1   1   0   1
   0   0   0   1   1  -1   0   1   0   2  -1   0   0  -1  -2   1
4 17  M:28 17 N:16 13 H:11,24 [-26]
   1   0   0  -1   0   0   0   1  -1   2  -1   0  -2  -2   0  -1  -2
   0   1   0   1   0   1   0  -1   0  -2   2   0   2   1   2  -1   0
   0   0   1   0  -1   1   0  -1   1  -1   0  -1   1   1   1   1   1
   0   0   0   0   0   0   1   1   1   0  -1  -1  -1   0  -1   1   0
4 15  M:29 15 N:16 13 H:11,24 [-26]
   1   0   0   0   0   1  -1   2  -2   1   0   0  -1   0  -2
   0   1   0   0  -1   1   0   0  -1   2   1   0   0  -1  -1
   0   0   1  -1   0   1   0   1   0   0   1   1   1   0  -2
   0   0   0   0   0   2   0   2  -2   2   1   1   0  -2  -2
4 15  M:29 15 N:16 13 H:11,24 [-26]
   1   0   0   0  -1   0   1   1   1   0   1  -1   0  -2   0
   0   1   0   0   1   0  -1   0   0   1  -1   0   0   2  -2
   0   0   1   0   1   0  -1   0  -1  -1   1   1  -2   0  -2
   0   0   0   1  -1  -1   1   1   1   0  -1   0   1  -1   1
4 16  M:30 16 N:16 13 H:11,24 [-26]
   1   0   0   0   1   1  -1   1   1   1   0   0   0   0  -1  -2
   0   1   0   0  -1  -1   1   0   0  -1   0  -1  -1   1   1   0
   0   0   1   0   1   1   0   0  -1   0  -2  -1   2  -2  -3  -2
   0   0   0   1  -1   0   1  -1   0   0   1   1  -2   0   1   1
4 19  M:29 19 N:16 13 H:11,24 [-26]
   1   0   0   0  -1   1   0   0   0   0   1   1  -1  -2  -1   0  -2   2  -2
   0   1   0   0   1  -1   0   0  -1   1   0  -1   1   1   0  -1   0  -2   1
   0   0   1   0   1  -1   0  -1   0   1  -2   0   2   2   0   0   1  -1   2
   0   0   0   1  -1   1  -1   0   0  -1   2  -1  -1  -1  -1  -1  -1   0   0
4 18  M:29 18 N:16 13 H:11,24 [-26]
   1   0   0   0  -1   0   0   1   0  -1   2  -1   0  -1  -1  -1  -1  -1
   0   1   0   0   0   1  -1   0   1   1  -2   1   1   1   1  -1   1   0
   0   0   1   0   1  -1   1  -1   0   1   0   1  -1   0  -1   1  -1  -1
   0   0   0   1   1   0   0  -1   1   1  -1   0  -1  -1   1   0   0   1
4 15  M:29 15 N:16 13 H:11,24 [-26]
   1   0   0   0  -1   1   0   1   1   1   0   0  -1  -2   0
   0   1   0   0   1  -1   0   0  -1   0   1   0   0   2  -2
   0   0   1   0   1  -1  -1  -1   1  -1  -1  -1   0   1  -1
   0   0   0   1   1  -1   0   0   1  -1  -1  -2   1   0  -2
4 14  M:29 14 N:16 13 H:11,24 [-26]
   1   0   0   0   0  -2   2   2   1   2   0  -2  -2   2
   0   1   0   0   0   1  -1   0   0   0  -1   0   2  -2
   0   0   1   0   0   1  -1  -1   0  -2   1   1   0  -2
   0   0   0   1  -1  -1   1   1   1   1  -1   0  -1   1
4 16  M:29 16 N:16 13 H:11,24 [-26]
   1   0   0   0   0   0   0   0  -1   1   2  -1   1  -2   0   0
   0   1   0   0   0  -1   1   1   2   0  -2   0  -2   1   1  -2
   0   0   1  -1   0   0   0   1   1   1  -1  -1  -1   0   2  -2
   0   0   0   0   1   0  -1  -2  -2  -1   2   0   1   0  -2   1
4 16  M:29 16 N:16 13 H:11,24 [-26]
   1   0   0   0   0   0   2   1   1   0  -2  -1   1   0  -1   0
   0   1   0   0   0   0  -2  -2   0  -1   2   0  -2  -2   0   1
   0   0   1   0   0  -1   1   1  -1   1   0   1   1   1  -1  -2
   0   0   0   1  -1   0  -2  -1   1   0   1   0  -2  -1   0   2
4 17  M:29 17 N:16 13 H:11,24 [-26]
   1   0   0   0   1   0   1   1   1  -1   0  -1   0  -1   0   0  -1
   0   1   0   0   1   1   0   1   1  -1   0  -2   1   1  -2  -2   1
   0   0   1   0  -1   0   0   0   0   1  -1   2  -2  -1   1   1  -1
   0   0   0   1  -1  -1  -1  -1  -2   2   1   2   0   0   1   0  -1
4 17  M:29 17 N:16 13 H:11,24 [-26]
   1   0   0   0   1   0   1   1   1   0   0  -1  -1   0  -1  -1   0
   0   1   0   0  -1   0   0   1   0   0   2   2  -1  -2  -1   2  -2
   0   0   1   0   0   0   0  -1  -1   1  -2  -1   1   1   2  -2   0
   0   0   0   1   0  -1   1   1   1  -1   1   0   0  -1   0   0  -1
4 16  M:29 16 N:16 13 H:11,24 [-26]
   1   0   0   0   0  -1   0   1   0  -1   1   0   1   0   0  -2
   0   1   0   0  -1   0   1   1   0   0   1   1  -1  -1  -2  -1
   0   0   1   0   1   1  -1   0   1   1  -2  -2   0   1   1   1
   0   0   0   1   1   1  -1  -1   1   2  -1   0  -1  -1   0   1
4 17  M:29 17 N:16 13 H:11,24 [-26]
   1   0   0   0   1  -1   0   1   2   0  -2  -1   0  -2  -2  -3  -2
   0   1   0   0  -1   1   0   0  -2   0   2   1  -1   2   1   2   0
   0   0   1   0  -1   1   0   0  -1  -1   1  -1  -1   0   2   2   2
   0   0   0   1   1   0  -1   1   0   1  -1   0   1  -1  -1  -2  -1
4 15  M:29 15 N:16 13 H:11,24 [-26]
   1   0   0   0  -1   1   0   1   1   1  -1   0  -2  -1   0
   0   1   0   0   1  -1   0   0   0  -1   0   0   2   0  -2
   0   0   1   0   1  -1   0   0  -1   1   1  -2   0  -2  -2
   0   0   0   1  -1   1  -1   1   1  -1   0   1  -1   0   1
4 16  M:29 16 N:16 13 H:11,24 [-26]
   1   0   0   0   1   1  -1   1   0   0  -1   0  -1  -1   0  -2
   0   1   0   0   0  -1   0  -1   1  -1   1   1   2   0  -2   2
   0   0   1   0  -1   0   1  -1   0   2   0  -1  -1  -1   2  -1
   0   0   0   1   0   0   0   1  -1  -1   1  -1   0   0  -1   1
4 16  M:28 16 N:16 13 H:11,24 [-26]
   1   0   0   0   1  -1   0   1   0   0  -1  -1   2   0  -2  -2
   0   1   0   0   0   1  -1  -1   0   1   2   1  -1  -2   2   1
   0   0   1   0  -1   1   1  -1   1  -1  -1  -1  -1   0   0   1
   0   0   0   1   0   0   1   0   1   0  -1   0  -1   1  -1  -1
4 15  M:28 15 N:16 13 H:11,24 [-26]
   1   0   0  -1   1   0   0   0   0   0  -1   2  -2   0   0
   0   1   0   1   0   0   0   1   1   1   1  -2   0   0  -1
   0   0   1   1  -1   0   0   0  -1  -2  -1   0   2  -2  -1
   0   0   0   0   0   1  -1   1   0   1   0  -1  -1   1   1
4 16  M:29 16 N:16 13 H:11,24 [-26]
   1   0   0   0   1  -1   0   0  -2  -2  -1  -1   1   2  -2  -1
   0   1   0   0  -1   1   0  -1   1   0   0   1   0  -2   0   2
   0   0   1   0  -1   1  -1   0   1   1   0   0  -2   0   2   0
   0   0   0   1   1  -1   0   0  -2  -1  -1  -2   2   1  -1  -2
4 14  M:30 14 N:16 13 H:11,24 [-26]
   1   0   0   1   1   0  -1   1   0  -1   1  -2  -2  -2
   0   1   0  -1  -1   0   1   0   0   0  -2   1   1  -1
   0   0   1  -1   0   0   1  -2  -1   2   0   2   0   2
   0   0   0   0   0   1   1   0   1  -1  -1   0   2  -2
4 16  M:27 16 N:16 13 H:11,24 [-26]
   1   0   0   0   0  -1   1   1  -1   2   0   0   1  -2  -2   0
   0   1   0   0   0   1  -1   0   1  -1   1   1   0   0   0  -2
   0   0   1   0   0   0   0   0   1  -1  -1  -1  -2   2   1   0
   0   0   0   1  -1   0   0  -1   1  -1   0  -1   0   1   0   1
4 16  M:29 16 N:16 13 H:11,24 [-26]
   1   0   0  -1   0   2   0   2  -1  -1   0   1  -1   0  -1  -1
   0   1  -1   0   0   2   0   2  -1  -1   1   0   0  -1   0  -2
   0   0   0   0   1  -1   1  -2   1   1  -1  -1   0   0  -1   0
   0   0   0   0   0   0   2  -1   2  -1  -1  -1  -1  -1  -1  -1
4 16  M:29 16 N:16 13 H:11,24 [-26]
   1   0   0   0   1   1  -1   1   0   0  -1  -2   0   0   0  -1
   0   1   0   0   1   1   0  -1   1   0   1  -1  -1   0   2  -2
   0   0   1   0  -1  -1   1   1   0  -1   0   1   0  -1  -1   0
   0   0   0   1  -1   0   1  -1  -1   1   0   2  -1  -1  -1   0
4 17  M:29 17 N:16 13 H:11,24 [-26]
   1   0   0  -1  -1   1   0  -1  -1   1   2   0   1  -1   2   0  -1
   0   1   0   1   0   0   0   1   2   0  -1  -1  -1   0  -2  -1   0
   0   0   1   1   1  -1   0   0   1   1  -1   1  -2   1  -2  -1  -1
   0   0   0   0   0   0   1   1  -1  -1   0   0   1  -1   1   0   0
4 14  M:29 14 N:16 13 H:11,24 [-26]
   1   0   0   0   0   0   0   1  -1  -2   2   1  -2   0
   0   1   0   0   1  -1   0   0   1   2  -1  -2   0   0
   0   0   1   0  -1   1   0   0   1   0  -1   0   2  -2
   0   0   0   1   0   0  -1  -1   0   1  -2   0   1  -1
4 18  M:29 18 N:16 13 H:11,24 [-26]
   1   0   0   0   0   1  -1   0   1   1   1  -2   1  -1   1   1   1   0
   0   1   0   0  -1   0   0   0  -1  -1   1   1   0  -1  -1   1   0   0
   0   0   1   0   1  -1   1   0   1   0  -1   1   0   1  -1  -2  -2  -2
   0   0   0   1   1   0   0  -1   0   1  -1   1  -1   0   0  -2  -1  -1
4 15  M:28 15 N:16 13 H:11,24 [-26]
   1   0   0   0  -1  -1   1  -1   0   0  -1   0   0   1  -2
   0   1   0   0   1   1   0   1   0  -1  -1  -1  -1   0   1
   0   0   1   0   0   1   2  -1  -2  -2  -1   0   0  -2   0
   0   0   0   1   1   0  -2   1   1   1   1  -1   1   0   1
4 16  M:29 16 N:16 13 H:11,24 [-26]
   1   0   0   0   1  -1   0   0  -1  -1   0  -1  -1  -1   1  -1
   0   1   0   0  -1   1   1   1   1   1  -1   0   0   1  -2  -1
   0   0   1   0  -1   1   1   0   2   0   0   2   2  -1  -2   1
   0   0   0   1   0   0   0  -1   1   1  -1   2   1   0  -2   0
4 14  M:29 14 N:16 13 H:11,24 [-26]
   1   0   0   0   1   0   1   0   2   0  -2  -1  -2  -2
   0   1   0   0  -1   0   0   1  -2  -1   2   1   2   0
   0   0   1   0   1   0   0  -1   1   1  -2  -2   0  -2
   0   0   0   1  -1  -1  -1   0   0  -1   1   0   1   1
4 16  M:29 16 N:16 13 H:11,24 [-26]
   1   0   0   0   1  -1   1   0   1   1   1  -1  -2  -1  -2  -2
   0   1   0   0  -1   0   0   1   0  -1  -2   2   1   2   2   0
   0   0   1   0   0   1  -1   0  -1  -1   1  -1   0  -1  -1   0
   0   0   0   1   0   1  -1   1   0   0  -1   0   1  -1   0   1
4 16  M:29 16 N:16 13 H:11,24 [-26]
   1   0   0   0   1  -1   1   0  -1   1  -1  -1   0  -1   0   0
   0   1   0   0   0   1  -1   2   0  -1  -1  -1  -1  -1   2  -1
   0   0   1   0  -1   0   0  -1   1  -1   1   2   1   0  -2   2
   0   0   0   1   0   0   0  -1   1   1   1   0  -1   0  -1  -1
4 16  M:29 16 N:16 13 H:11,24 [-26]
   1   0   0  -1   1   0  -1   2   0   0  -2   1  -1  -2  -2   0
   0   1   0   1   0   0   1  -1  -1  -1   1  -2   1   1   1   0
   0   0   1   1  -1   0   1  -1   1   1   1   0  -1   0   1  -2
   0   0   0   0   0   1   1  -1   0  -1   0   0   1   0  -1   1
4 17  M:29 17 N:16 13 H:11,24 [-26]
   1   0   0  -1   1   0   0  -1   0   0  -1  -2   2  -2   1  -2   2
   0   1   0   1  -1   0   1   1  -1   1   1   1  -1   1   0   0  -2
   0   0   1   1   0   0   0   1   1  -1   0   1  -2   1  -2   1  -2
   0   0   0   0   0   1  -1  -1   1   0   1   1  -1   0   0   0  -1
4 16  M:28 16 N:16 13 H:11,24 [-26]
   1   0   0   1   0  -1   1  -1   1   1   0   0   0  -2   0   0
   0   1   0   0   0  -1   1   0   1   2   1   1  -2  -1   1   0
   0   0   1  -1   0   2  -2   1  -1  -2   0  -1   2   2  -2  -2
   0   0   0   0   1   1  -1   0   0  -2  -1  -2   1   2  -2  -1
4 18  M:29 18 N:16 13 H:11,24 [-26]
   1   0   0  -1   0   1  -1   1  -1   2   0  -2   0   0   1   0  -1   0
   0   1   0   1   0  -1   1   0   1  -1   0   1   1  -1   0  -1  -1   0
   0   0   1   1   0   0   0   0   1  -1   1   2  -1   0  -2  -1   0  -2
   0   0   0   0   1   0   0  -1   1   0  -1   1   0   1  -1   0   0  -1
4 16  M:29 16 N:16 13 H:11,24 [-26]
   1   1   1   0   1   0   0   0   0   0  -1  -1  -2  -1   0  -1
   0   2   0   0   0  -1   2  -1   0  -1   0  -1  -1  -1  -1  -1
   0   0   2   0   0  -1  -1   2  -1   0  -1   0  -1  -1  -1  -1
   0   0   0   1  -1   0   0   0  -1  -1   1   1   1  -1  -1   1
4 15  M:30 15 N:16 13 H:11,24 [-26]
   1   0   0   1   1   0   1   0   0   0  -1  -1  -1  -1  -3
   0   1   0   0   1   0  -1  -1   1   0   1   1   0  -2   0
   0   0   1  -1  -1   0   0   0  -1  -1   2   0  -1  -1   1
   0   0   0   0   0   1   0   1   0   1  -1  -1   0   2  -2
4 16  M:29 16 N:16 13 H:11,24 [-26]
   1   0   0   0   0  -1   2   1  -2  -2   0  -1   1   2  -1   0
   0   1   0   0   0   1  -1   0   0   1   1  -1   0  -1  -1   0
   0   0   1   0  -1   1   0  -1   1   1  -1   0  -1   0   0  -1
   0   0   0   1   0   1  -1   0   2   1  -1   1  -2  -2   2  -2
4 16  M:27 16 N:16 13 H:11,24 [-26]
   1   0   0   0   1   1  -1   1   1   0   0   0  -1   1  -1  -2
   0   1   0   0   0  -1   1   0   0   0   1  -1  -1  -1   1   2
   0   0   1   0   0   1  -1   1   1  -1   0   0   1  -1  -1  -1
   0   0   0   1  -1  -1   1   0  -1   1  -1  -1   1  -1  -1   0
4 16  M:29 16 N:16 13 H:11,24 [-26]
   1   0   0   0   0   0   1   1   0   1   0   0  -1  -1  -1  -2
   0   1   0   0   0   0   0  -1   2  -2   0  -1   1  -1  -2   0
   0   0   1   0   0  -1   0  -1   1  -2  -1  -1   0   1   0   2
   0   0   0   1  -1   0   1   2  -2   2   1   0   0   0   0  -1
4 16  M:30 16 N:16 13 H:11,24 [-26]
   1   0   0   0   0   0   1   1  -1  -1  -2   0  -1   0  -1   1
   0   1   0   0   0   1  -2  -2   1   1   2  -2   0  -1   0  -4
   0   0   1   0  -1  -2   2   3   0  -2  -2   1   1   0  -1   4
   0   0   0   1   1   0   0  -1   0   1   1   0  -1   1   1  -2
4 16  M:29 16 N:16 13 H:11,24 [-26]
   1   0   0   0   1  -1  -1  -1   2   0  -1   1  -1   2  -1  -1
   0   1   0   0   0   0   0   1  -1   1  -1   0   0  -1  -1   1
   0   0   1   0   0   1   0   1  -1  -1   1  -2   0  -2   2  -1
   0   0   0   1  -1   1   1   1   0  -1   0  -1  -1   0   0  -1
4 14  M:29 14 N:16 13 H:11,24 [-26]
   1   0   0   0   0   0   0   1  -2   2   1  -2  -2   0
   0   1   0   0   1  -1   0   0   2  -1  -2   1   0   0
   0   0   1   0  -1   1   0   0   0  -1   0   0   2  -2
   0   0   0   1   0   0  -1  -1   1  -2   0   0   1  -1
4 16  M:29 16 N:16 13 H:11,24 [-26]
   1   0   0  -1   0   0   0   1  -1  -1   2   0   0  -1  -2   1
   0   1   0   1   0   0   1   0   0   1  -1   0  -1  -1   0  -2
   0   0   1   1   0   0   1   0   2   0  -2  -2   0   1   2  -2
   0   0   0   0   1  -1   0  -1  -1   0   0   1   1   0  -1   2
4 17  M:29 17 N:16 13 H:11,24 [-26]
   1   0   0   0  -1   1   1   1   0  -1  -1   0  -1  -1   1   0   1
   0   1   0   0   1  -1  -1   0   1   0   1  -1   0  -1  -2  -2  -2
   0   0   1   0   1   0  -1   0   0   1  -1   1   2   1  -1   0  -2
   0   0   0   1   0   0   0   1  -1   1   0   0   1   0  -1  -1  -2
4 17  M:27 17 N:16 13 H:11,24 [-26]
   1   0   0   1   0   0   1   1   0   2   2  -2   1   0  -1  -3  -4
   0   1   0  -1  -1   0   1  -1  -1  -1   0   0  -1   1   1   1   1
   0   0   1   0   0   0   1  -1   1   0   1   0   1   0  -1  -1  -2
   0   0   0   0   0   1  -1   0   0  -1  -2   1  -1  -1   0   1   2
4 17  M:30 17 N:16 13 H:11,24 [-26]
   1   0   0   0   0   0   1   0   1   1   0   0   0  -1  -1   0  -2
   0   1   0   0   0   0   0   1  -1  -2  -1  -1  -2   0   1  -2   2
   0   0   1   0   0  -1  -1   2  -2  -2  -1  -1  -1   0   0  -1   1
   0   0   0   1  -1   0   0  -2   1   2   0   2   1  -1   1   2   0
4 15  M:29 15 N:16 13 H:11,24 [-26]
   1   0   0   0   1   0  -1   0   0  -1   0   1  -2  -1  -1
   0   1   0   0  -1   1   1   1   1   1  -1  -2   1  -1   1
   0   0   1   0   1  -1  -1  -1  -2   1   0   0   0   1  -1
   0   0   0   1  -1   0   1   1   1  -1   1   0   0   1  -1
4 17  M:29 17 N:16 13 H:11,24 [-26]
   1   0   1   0   0   0   0   1   1   0   0   0  -1   0  -1  -1  -1
   0   1  -1   0   0   0   0   0  -1   2   1  -1   1  -2   0   0   1
   0   0   0   1   0   0  -1  -1   0  -2  -2   0   1   1  -1   2  -2
   0   0   0   0   1  -1   0   0  -1   1   1   1  -1   0   1  -2   2
4 16  M:29 16 N:16 13 H:11,24 [-26]
   1   0   0   0   1  -1   0   0   1   1   1  -1  -1  -2  -2  -2
   0   1   0   0  -1   1   1   0  -1   1  -1  -1  -1   0  -1   0
   0   0   1   0   1  -1   0   1   1  -1   0   1   1  -1   0  -2
   0   0   0   1  -1   1   1   1   0  -1   0   0  -1   1   0   1
4 15  M:29 15 N:16 13 H:11,24 [-26]
   1   0   0   0   0  -1   0   1   2  -1  -2  -2  -1  -2   0
   0   1   0   0   0   2   1   0  -2   0   1   0   0   0  -1
   0   0   1   0   0   1   0  -1   0   1   0   0  -1  -1  -2
   0   0   0   1  -1   1   1   0  -1   1   1   1  -1   0  -2
4 16  M:29 16 N:16 13 H:11,24 [-26]
   1   0   0  -1   0   0  -1   0   1   2  -1  -1  -2   1  -1   1
   0   1   0   1   0   1   2   0   0  -1   1   0   1  -1  -1  -2
   0   0   1   1   0   1   1   1  -1  -2   0   1   1  -2   1  -2
   0   0   0   0   1   0  -1   1  -1   0  -1  -1  -1   1   0   2
4 18  M:29 18 N:16 13 H:11,24 [-26]
   1   0   0   0   1   1   0   0   1   2  -1  -1   0   1  -2  -1   0  -2
   0   1   0   0   1   0   1  -1   1   1   1  -1   0   0   0  -1  -1   0
   0   0   1   0  -1   0   0   0   0  -1   1   1  -1  -2   1   1   0   1
   0   0   0   1  -1  -1  -1   1  -1  -2   0   2   1   0   1   0  -1   0
4 17  M:29 17 N:16 13 H:11,24 [-26]
   1   0   0   0   0  -1   0   0   1  -1   1  -1   1   1   1  -2   0
   0   1   0   0  -1   0   0   0   1  -1   1   1   1   0  -1   0  -2
   0   0   1   0   1   1   0   1   0   2  -1   0  -2  -2  -1   1   0
   0   0   0   1   1   1  -1   1  -1   2  -2  -1  -1   0   0   0   1
4 17  M:29 17 N:16 13 H:11,24 [-26]
   1   0   0   1   0   0   0   1   1   0   0  -1   0   0  -1  -1  -1
   0   1   0   0   0   1  -1   1   0   2   0  -1   0  -1   1  -2   2
   0   0   1  -1   0  -1   1  -1  -1  -1   1   2  -1  -1  -1   2  -1
   0   0   0   0   1   0   0   0   1  -1  -1   1  -1   0  -1   2  -2
4 17  M:29 17 N:16 13 H:11,24 [-26]
   1   0   0   0   1   1   0  -1   1   0   0  -1   0  -1   0  -1  -2
   0   1   0   0   0  -1   1   1   0   1   0  -1   0  -1   1  -2  -2
   0   0   1   0   0   0   0   0   1  -1  -1   0  -1   0  -1   1   1
   0   0   0   1  -1   0  -1   0  -1   1   1   2  -1   0  -2   1   2
4 17  M:29 17 N:16 14 H:11,24 [-26]
   1   0   0  -1   0   1   0  -1  -1   1   1   0  -1   0   0  -1  -1
   0   1   0   1   0  -1   2   2   1  -1  -1   0   0  -1  -1  -1  -1
   0   0   1   1   0  -1   1   1   0   0  -1  -1   1  -2  -1   0   1
   0   0   0   0   1   0   2   1   0  -1  -2  -1   1  -1   0   0   0
4 18  M:29 18 N:16 14 H:11,24 [-26]
   1   0   0   0   0   1   0   1  -1   0   1  -1   1  -2   0   0   1  -1
   0   1   0   0   1   0   1  -1   1  -1   0   1   0   1   1  -2  -1   1
   0   0   1   0   0  -1  -1  -1   1   1  -1   1   0   1  -1   0   1  -1
   0   0   0   1  -1   0   0   1  -1   0   1   0  -1   0  -1   1  -1  -1
4 19  M:29 19 N:16 14 H:11,24 [-26]
   1   0   0   0   0   1   0  -1   0   0   0   2   1   1  -1   0  -1  -2   0
   0   1   0   0   0   0   0   0   1  -1   0  -1   0  -1  -1   1   1   1   1
   0   0   1   0   1  -1  -1   1  -1   0  -1  -1   0  -1   2  -1  -1   0   0
   0   0   0   1  -1   0   1   0   0   0   0   2   1   1  -1  -1   0   0  -2
4 19  M:29 19 N:16 14 H:11,24 [-26]
   1   0   0  -1   0   1   1  -1   1   0   1   0   0   1   1  -2  -2  -2   1
   0   1   0   1   0   0  -1   0   0   0   0   0   1  -1  -1   2   1   0  -2
   0   0   1   1   0  -1   0   1  -1  -1   0   1  -1  -1   0   0   1   1  -1
   0   0   0   0   1   0   1   1  -1   0   1   1  -1   1  -1  -1   0   0   1
4 20  M:29 20 N:16 14 H:11,24 [-26]
   1   0   0   0  -1   0   0   0   0   1   0   0   1   0  -1  -1   1  -2  -1   2
   0   1   0   0   1   1  -1   0   0  -1   0   1   0   1   0   1  -2   1   1  -1
   0   0   1   0   0  -1   1  -1   1   0   0   0   1  -1   1  -2   0   0  -1   1
   0   0   0   1   1   0   0   1  -1  -1  -1   1  -1   1   0   1   0   0   0  -2
4 17  M:29 17 N:16 14 H:11,24 [-26]
   1   0   0   0   1   0  -1   0  -1   1   0  -1   1   0  -1  -1  -1
   0   1   0   0  -1   0   0   1   2  -1  -1   2  -2   0   0   2  -1
   0   0   1   0  -1   0   0   1   2   0   0   1   0  -2  -1   2  -1
   0   0   0   1   0  -1   0   0  -1  -1   1  -1   0   1   1  -2   2
4 16  M:29 16 N:16 14 H:11,24 [-26]
   1   0   0   1   0  -1   1   0   1   0   1  -1  -1  -2  -1  -2
   0   1   0  -1   0   0   0   0  -2  -1   0   1   2   2   0   2
   0   0   1  -1  -1   0  -1   0   0   0  -2   1   0   1   2  -1
   0   0   0   0   0   0   0   1   0   1  -1   1  -1   0   2  -2
4 14  M:29 14 N:16 14 H:11,24 [-26]
    1    0    0    0    1    0    0   -1   -1    1   -2    0    1   -1
    0    1    0    0   -1    1   -1    1    1    1    1   -2   -1    1
    0    0    1    0    1    0    0   -1    0   -1    0    1   -1   -1
    0    0    0    1   -1   -1    1    1    1   -1    1    0    1   -1
4 18  M:30 18 N:16 14 H:11,24 [-26]
   1   0   0   0  -1   0   1   0   1   0   1  -1  -1  -1   1   0  -1   0
   0   1   0   0   1   1   0   1  -1  -1  -1   0   1   1  -2  -2   0  -2
   0   0   1   0   0   1   0   0   0   1  -1   1  -1  -1   0   1  -2   0
   0   0   0   1   0  -1   1  -1   1   0   1   0   1   0   0  -1   0  -1
4 18  M:29 18 N:16 14 H:11,24 [-26]
   1   0   0  -1   0   1   0  -1   0   1   2  -1   1  -1  -1   0  -1   0
   0   1   0   1   0   0   0   0   1  -1  -2   1  -1   0   0  -1   0  -1
   0   0   1   1   0   0   0   0   1  -1  -1  -1   0  -1   1   1   2  -2
   0   0   0   0   1  -1  -1   1   0   1   0   0  -1   1  -1  -1  -1   2
4 18  M:28 18 N:16 14 H:11,24 [-26]
   1   0   0   0  -1   1   0   0   0   0   1  -1   1   0  -1  -1  -2  -1
   0   1   0   0   1  -1  -1   1   1   1  -1   0  -2   0   0   1   1   1
   0   0   1   0   0   0   1  -1   0  -1   1   1   0   1   1   0   0  -2
   0   0   0   1   1  -1   0   0   1   1  -1   1   0  -1   0  -1   0  -1
4 18  M:30 18 N:16 14 H:11,24 [-26]
   1   0   0   1   0  -1   1   1   1  -1   0   0  -1   0  -1  -2  -2  -1
   0   1   0   0   0   0   1   0   0   1  -1   0   1  -1   0   1   0  -2
   0   0   1  -1   0   1   0   0  -1   1   1  -1   0  -1  -1   0   0  -1
   0   0   0   0   1   0  -1  -1   1   0   1   1   0   1   0  -1  -1   0
4 18  M:29 18 N:16 14 H:11,24 [-26]
   1   0   0   1   0  -1   1   0   1   0  -1   0   0  -1   0  -1  -2  -1
   0   1   0   0   0   0   1   1  -1   0   0   1   1   0   0   0  -1  -2
   0   0   1  -1   0   1  -1   1   0   1   1  -1  -1   0  -1  -1   0  -1
   0   0   0   0   1   0   0  -1   1  -1   1   0  -1   1  -1   0   1   0
4 17  M:29 17 N:16 14 H:11,24 [-26]
   1   0   0   0   1   1   0  -1   0  -1   1   0  -2   0   0   1  -1
   0   1   0   0   0  -1   1   1  -1   1   0   1   1  -2   1  -1   1
   0   0   1   0   0   1   0  -1   0   0  -1  -1   0   1  -2  -1  -1
   0   0   0   1  -1  -1  -1   1   1   1   0  -1   1   0   0   1  -1
4 17  M:29 17 N:16 14 H:11,24 [-26]
   1   0   0   0   0  -1   1   1   0  -1   1   1  -2  -1  -2  -1  -2
   0   1   0   0   1   0   0   0   1  -1   0  -1   0   1  -1   2  -2
   0   0   1   0  -1   1  -1   0   0   2  -2   0   1   0   2  -1   2
   0   0   0   1   0   1  -1  -1  -1   1   0  -1   0  -1   1  -1   1
4 17  M:29 17 N:16 14 H:11,24 [-26]
   1   0   0   0  -1   1   1   1   0   0  -1  -1   0  -1   1   0   1
   0   1   0   0   1   0  -1   0   1   0   1  -1   1   1  -1   0  -2
   0   0   1   0   1  -1  -1   0   1   1   0   1  -1  -1  -2  -2  -2
   0   0   0   1  -1   0   1   1  -1  -1   0   1  -1  -1   0  -1   0
4 15  M:29 15 N:16 15 H:11,24 [-26]
   1   0   0   0   1   1  -1   0  -1   1   0  -1   1   0  -1
   0   1   0   0   1  -1   1   0  -1   1  -2   1   1  -2   1
   0   0   1   0  -1   0   0   0   1  -1   2   1  -2   0  -1
   0   0   0   1  -1   0   0  -1   1   0   1  -1   0   1  -1
4 17  M:29 17 N:16 15 H:11,24 [-26]
   1   0   0   0   0   1  -1   1   1   0  -1   1   1   0   0  -1  -2
   0   1   0   0  -1   1   0   0   0  -1   1   1   0  -1   2  -2   0
   0   0   1   0   1  -1   1  -1   0   0   0  -2  -2   1  -2   1   1
   0   0   0   1   1  -1   1  -1  -1   1   0  -1   0  -1  -1   1   0
#NF: 200
  done (0s)
</pre></body>
