<head><title>SEARCH RESULTS</title></head>
<body><pre><b>Search command:</b>
class.x -di x -He EH2:MVNFL1000

<b>Result:</b>
4 9  M:34 9 N:7 6 H:2,29 [-54]
   1   0   2   0  -1  -1  -2   1   0
   0   1   2   1  -4   2  -3   3  -2
   0   0   3   0  -3   0  -3   3   0
   0   0   0   3  -3   3  -3   3  -3
4 5  M:49 5 N:7 5 H:2,38 [-72]
   1   0   2   5 -10
   0   1   2   8 -13
   0   0   3   3  -6
   0   0   0   9  -9
4 5  M:89 5 N:7 5 H:2,74 [-144]
   1   0   4   4 -20
   0   1   3   3 -15
   0   0   6   0 -12
   0   0   0   6 -12
4 6  M:89 6 N:7 6 H:2,74 [-144]
   1   0   0   3  -3  -3
   0   1   1   4  -8   4
   0   0   3   0  -6   6
   0   0   0   6  -6   0
4 9  M:100 9 N:7 6 H:2,83 [-162]
   1   1   1   1  -2   1  -2   1  -2
   0   3   0   0  -3   3   0   0  -3
   0   0   3   0  -3   0  -3   3   0
   0   0   0   3  -3   3  -3   3  -3
4 8  M:102 8 N:7 6 H:2,84 [-164]
   1   1   1   1   0   0   0  -5
   0   2   2   2   1   1   1  -9
   0   0   4   0  -1   4  -1  -6
   0   0   0   4  -1  -1   4  -6
4 5  M:105 5 N:7 5 H:2,86 [-168]
   1   1   1   1  -7
   0   4   0   0  -8
   0   0   4   0  -8
   0   0   0   4  -4
4 6  M:105 6 N:7 6 H:2,86 [-168]
   1   1   1   1  -3  -3
   0   4   0   0  -4  -4
   0   0   4   0   0  -4
   0   0   0   4  -4   0
4 8  M:105 8 N:7 6 H:2,86 [-168]
   1   1   1   1  -3   1   1  -3
   0   2   0   0  -4   2   2  -2
   0   0   4   0  -4   4   0  -4
   0   0   0   4  -4   0   4  -4
4 9  M:105 9 N:7 6 H:2,86 [-168]
   1   1   1   1   1   1  -2  -2  -2
   0   3   0   0   3   3  -3  -3  -3
   0   0   2   0   2   0   2  -3  -3
   0   0   0   2   0   2  -3   2  -3
4 9  M:105 9 N:7 6 H:2,86 [-168]
   1   0   0   0   0  -3  -3   1   4
   0   1   0   1  -3   4   0   0  -3
   0   0   1   0   4  -3   1  -3   0
   0   0   0   3   3  -3  -3  -3   3
4 9  M:106 9 N:7 6 H:2,86 [-168]
   1   1   0   1   1   1   1  -3  -3
   0   2   0   0   2   6  -4   6 -12
   0   0   1   0  -2  -2   0  -2   4
   0   0   0   2  -2  -2   2  -6   6
4 8  M:105 8 N:7 6 H:2,86 [-168]
   1   1   1   0   0   0  -4   1
   0   4   0   0   4   0  -4  -4
   0   0   4   0   0   4  -4  -4
   0   0   0   1   1   1   1  -4
4 9  M:109 9 N:7 6 H:2,86 [-168]
   1   0   0   0  -1   0  -1   4  -5
   0   1   1   0   2   0   2 -12   6
   0   0   3   0  -1   4   3   0  -9
   0   0   0   1  -1   1  -1   9  -9
4 8  M:106 8 N:7 6 H:2,86 [-168]
   1   0   3   3  -5  -9   3   3
   0   1   2   2  -6  -8   4   4
   0   0   4   0  -4  -6   0   6
   0   0   0   4  -4  -6   6   0
4 8  M:111 8 N:7 6 H:2,90 [-176]
   1   1   1   1  -1  -1  -1  -1
   0   3   0   0  -2  -2   3  -2
   0   0   3   0  -2  -2  -2   3
   0   0   0   3   3  -2  -2  -2
4 7  M:115 7 N:7 6 H:2,92 [-180]
   1   1   1   1  -2  -2  -2
   0   3   0   0  -3  -3   3
   0   0   3   0   3  -3  -3
   0   0   0   3  -3   3  -3
4 9  M:120 9 N:7 6 H:2,95 [-186]
   1   1   0   0   0   0  -3  -3   4
   0   3   0   0   3   3  -3  -3  -3
   0   0   1   0   1   0   4  -3  -3
   0   0   0   1   0   1  -3   4  -3
4 8  M:129 8 N:7 6 H:2,102 [-200]
   1   1   1   1  -1  -1  -1  -1
   0   2   0   0  -2  -2   4  -2
   0   0   2   0  -2  -2  -2   4
   0   0   0   2   4  -2  -2  -2
4 5  M:109 5 N:9 5 H:2,106 [-208]
   1   0   0   0  -4
   0   1   1   1  -3
   0   0   8   0  -8
   0   0   0   8  -8
4 8  M:130 8 N:8 6 H:2,106 [-208]
   1   0   0   0  -1  -1  -1  -1
   0   1   1   1  -3   1   1   1
   0   0   5   0  -5  -1  -1   7
   0   0   0   5  -5  -1   7  -1
4 8  M:136 8 N:7 6 H:2,106 [-208]
   1   0   0   0   2  -2  -2  -2
   0   1   1   1  -3   1   1   1
   0   0   2   0  -2   6  -2  -2
   0   0   0   2  -2  -2   6  -2
4 7  M:155 7 N:8 6 H:2,116 [-228]
   1   0   2   3  -9   7 -13
   0   1   3   4  -8   8 -12
   0   0   4   0  -6   4  -6
   0   0   0   6  -6  10 -10
4 7  M:160 7 N:8 6 H:2,120 [-236]
   1   0   3   3   1   1 -15
   0   1   4   4   2   2 -14
   0   0   6   0  -2   6 -10
   0   0   0   6   6  -2 -10
4 5  M:141 5 N:9 5 H:2,122 [-240]
   1   0   0   0  -7
   0   1   1   1  -6
   0   0   7   0 -14
   0   0   0   7 -14
4 8  M:156 8 N:8 6 H:2,122 [-240]
   1   0   0   0  -1  -1  -1  -1
   0   1   1   1   1   1   1  -6
   0   0   4   0  -1   6  -1  -8
   0   0   0   4  -1  -1   6  -8
4 8  M:159 8 N:7 6 H:2,122 [-240]
   1   0   0   0  -2   5  -2  -2
   0   1   0   0  -2  -2   5  -2
   0   0   1   0  -2  -2  -2   5
   0   0   0   1   5  -2  -2  -2
4 5  M:171 5 N:8 5 H:2,128 [-252]
   1   1   1   1 -11
   0   2   2   2 -10
   0   0   6   0 -12
   0   0   0   6  -6
4 6  M:171 6 N:8 6 H:2,128 [-252]
   1   1   1   1  -5  -5
   0   2   2   2  -4  -4
   0   0   6   0  -6   0
   0   0   0   6   0  -6
4 7  M:171 7 N:8 6 H:2,128 [-252]
   1   1   1   1 -11 -11  13
   0   2   0   0  -4  -4   6
   0   0   2   2  -6  -6   8
   0   0   0   6 -12  -6  12
4 7  M:172 7 N:8 6 H:2,128 [-252]
   1   1   0   1   1  -5  -5
   0   2   0   2   6 -10   0
   0   0   1   0  -4   6  -4
   0   0   0   4  -4  10 -10
4 7  M:171 7 N:8 6 H:2,128 [-252]
   1   1   1   1   1  -5  -5
   0   2   2   0   0  -6   2
   0   0   6   0   6  -6  -6
   0   0   0   2   2   2  -6
4 7  M:177 7 N:8 6 H:2,132 [-260]
   1   1   1   1  -3  -3  -3
   0   2   2   2  -2  -2  -2
   0   0   4   0   4  -4  -4
   0   0   0   4  -4   4  -4
4 7  M:179 7 N:8 6 H:2,132 [-260]
   1   0   1   1  -6   1   1
   0   1   0   0   3  -4  -4
   0   0   2   0  -4  10  -4
   0   0   0   2  -4  -4  10
4 7  M:195 7 N:8 6 H:2,144 [-284]
   1   1   1   1  -3  -3  -3
   0   2   0   0  -4  -4   6
   0   0   2   0   6  -4  -4
   0   0   0   2  -4   6  -4
4 5  M:376 5 N:10 5 H:2,272 [-540]
   1   0   3   3 -15
   0   1   4   4 -14
   0   0   6   6 -12
   0   0   0  18 -18
#NF: 36
  done (16s)
</pre></body>
