<head><title>SEARCH RESULTS</title></head>
<body><pre><b>Search command:</b>
class.x -di x -He EH21:MVNFL100

<b>Result:</b>
4 5  M:6 5 N:26 5 H:21,1 [40]
    1    0    0    1   -2
    0    1    0    2   -3
    0    0    1    3   -4
    0    0    0    5   -5
4 5  M:10 5 N:24 5 H:21,9 [24]
    1    0    0    2   -4
    0    1    0    2   -3
    0    0    1    3   -4
    0    0    0    6   -6
4 6  M:12 6 N:26 7 H:21,9 [24]
    1    0    0    1   -2   -2
    0    1    0    2   -1   -2
    0    0    1    1   -2   -1
    0    0    0    3   -3    0
4 6  M:10 6 N:24 6 H:21,9 [24]
    1    0    0   -1    1   -1
    0    1    0    1    1   -3
    0    0    1    1    2   -4
    0    0    0    0    3   -3
4 7  M:12 7 N:26 7 H:21,9 [24]
    1    0    0   -1    0    1   -2
    0    1    0    0   -1    1   -2
    0    0    1   -1   -1    2   -1
    0    0    0    0    0    3   -3
4 7  M:13 7 N:23 8 H:21,9 [24]
    1    0    0    0    0   -2    2
    0    1    0    0   -1    1   -2
    0    0    1    1    0    0   -3
    0    0    0    2   -1    1   -4
4 8  M:13 8 N:24 10 H:21,9 [24]
    1    0    0    0   -1    1   -1    1
    0    1    0    0    1    1    0   -3
    0    0    1    0   -2    0    1    2
    0    0    0    1    0    0    1   -2
4 8  M:13 8 N:24 9 H:21,9 [24]
    1    0    0    0    2   -3    1   -4
    0    1    0    0   -2    1    1    2
    0    0    1    0    0   -1    1   -2
    0    0    0    1   -1    1   -1    1
4 8  M:13 8 N:24 10 H:21,9 [24]
    1   -1    0    0    0   -2    1    2
    0    0    1    0    0    2    1   -4
    0    0    0    1    0    0    1   -2
    0    0    0    0    1   -1   -1    1
4 9  M:13 9 N:25 10 H:21,9 [24]
    1    0    0    1    0    1   -1   -1    1
    0    1    0   -1    0    0    2   -1   -3
    0    0    1    1    0   -1   -1    0    4
    0    0    0    0    1    0    0   -1   -1
4 10  M:13 10 N:25 10 H:21,9 [24]
    1    0    0   -1    2    0    0   -3   -2    1
    0    1    0    1   -1    1    0    1    0   -1
    0    0    1    1   -1   -1    0    4    2   -2
    0    0    0    0    0    0    1   -1   -1    1
4 7  M:15 7 N:26 9 H:21,11 [20]
    1    0    1    1   -2   -2   -1
    0    1    0    0   -1   -1    0
    0    0    2    0   -2   -1   -2
    0    0    0    2   -2   -1   -2
4 7  M:15 7 N:26 10 H:21,11 [20]
    1    0    0    0   -2    1   -2
    0    1    0    0   -2    2   -2
    0    0    1    1   -1    0   -3
    0    0    0    2   -2    1   -4
4 8  M:14 8 N:23 8 H:21,11 [20]
    1    0    0    0    1   -1    1   -2
    0    1    0    0   -1   -1    1    1
    0    0    1    0    1   -1   -2    1
    0    0    0    1    0    0   -1   -1
4 8  M:16 8 N:23 10 H:21,11 [20]
    1    0    0    0   -3    2    2   -4
    0    1    0    0   -2    2    0   -2
    0    0    1    0   -2    0    2   -2
    0    0    0    1   -2    1    1   -3
4 8  M:16 8 N:24 10 H:21,11 [20]
    1    0    0   -2    0   -2    0    2
    0    1    0   -1   -1    0    0    2
    0    0    1   -1    1   -1    1   -1
    0    0    0    0    0    0    2   -2
4 9  M:14 9 N:23 9 H:21,11 [20]
    1    0    0    0   -1    1    1   -1   -1
    0    1    0    0    1    1   -2    0   -1
    0    0    1    0    0   -1    1    1   -1
    0    0    0    1    1    0   -1   -1    0
4 9  M:15 9 N:23 10 H:21,11 [20]
    1    0    0    0    0    1   -1   -1    1
    0    1    0    0    1    0    0    0   -2
    0    0    1    0    1   -1    1   -1    0
    0    0    0    1    1   -1   -1    1    0
4 9  M:15 9 N:23 12 H:21,11 [20]
    1    0    0    0    1   -1   -1   -1    1
    0    1    0    0   -1    1   -1    1    1
    0    0    1    0    1    1   -1    0   -2
    0    0    0    1   -1   -1    1   -1    1
4 9  M:16 9 N:24 11 H:21,11 [20]
    1    0    0    0   -1   -1    3    2   -1
    0    1    0    0    1   -1   -1   -1    1
    0    0    1    0   -1    1   -1   -1    1
    0    0    0    1   -1   -1    1    1    1
4 9  M:15 9 N:23 12 H:21,11 [20]
    1    0    0    0   -2    1    0    2    0
    0    1    0    0    2   -1   -2    0   -2
    0    0    1    0    0    1    0   -1   -1
    0    0    0    1    1   -1   -1   -1   -1
4 9  M:16 9 N:24 12 H:21,11 [20]
    1    0    0    0   -1    1   -1    1   -1
    0    1    0    0    0   -2    2    0    0
    0    0    1    0    1    0   -2    0    2
    0    0    0    1    1   -1   -1    1    1
4 9  M:15 9 N:23 10 H:21,11 [20]
    1    0    0    0    1    1   -1   -1   -1
    0    1    0    0   -1    1    1   -1    0
    0    0    1    0   -1    0   -1    1    2
    0    0    0    1    0    1    0    0   -2
4 9  M:16 9 N:26 12 H:21,11 [20]
    1    0    0    0    0    1    1    1   -3
    0    1    0    0   -1    1   -1   -1    1
    0    0    1    0    0   -1   -1   -1    1
    0    0    0    1   -1    1    1   -1   -1
4 9  M:16 9 N:24 11 H:21,11 [20]
    1   -1    0    0    0    1   -1   -1    1
    0    0    1    0    0   -1   -1    3   -1
    0    0    0    1    0   -1    1   -1    1
    0    0    0    0    1   -1   -1    1    1
4 9  M:16 9 N:24 11 H:21,11 [20]
    1   -1    0    0    0   -2    0    0    2
    0    0    1    0    0    0    2    1   -2
    0    0    0    1    0    2   -2   -2    0
    0    0    0    0    1    1   -1   -1   -1
4 9  M:16 9 N:24 12 H:21,11 [20]
    1   -1    0    0    0    2   -2    0    0
    0    0    1    0    0   -2    0    2    0
    0    0    0    1    0   -1    1   -1    1
    0    0    0    0    1   -1   -1    1    1
4 9  M:16 9 N:24 11 H:21,11 [20]
    1   -1    0    0    0    2   -1   -2    0
    0    0    1    0    0    0    1    2   -2
    0    0    0    1    0    2   -1    0   -2
    0    0    0    0    1    1   -1   -1   -1
4 9  M:16 9 N:24 12 H:21,11 [20]
    1   -1    0    0    1    0   -2    0    2
    0    0    1    0   -1    0    0    2   -2
    0    0    0    1   -1    0    2   -2    0
    0    0    0    0    0    1   -1    1   -1
4 9  M:16 9 N:24 12 H:21,11 [20]
    1    0    0   -1    0    0   -2    2    0
    0    1    0   -1    0    1   -1   -1    1
    0    0    1    1    0   -2    2    0    0
    0    0    0    0    1   -1   -1    1    1
4 9  M:16 9 N:27 11 H:21,11 [20]
    1    0    0   -1    1    1    0   -2   -2
    0    1    0    0    0   -2    0    2    1
    0    0    1    0   -2    0    0    2    1
    0    0    0    0    0    0    1   -1   -1
4 11  M:16 11 N:25 9 H:21,11 [20]
   1   0   0   0   0   0   2  -1   0  -1  -1
   0   1   0   0  -1   0  -1   1  -1  -1   1
   0   0   1  -1   0   0  -1  -1   1   1   1
   0   0   0   0   0   1  -1   0  -1   0   2
4 9  M:15 9 N:26 12 H:21,11 [20]
    1    1    0    1    0   -1   -2    0    0
    0    2    0    0    0    0   -1   -1   -1
    0    0    1   -1    0    0    0   -1    1
    0    0    0    0    1   -1    0   -1    1
4 11  M:16 11 N:25 9 H:21,11 [20]
   1   0   0   0   0  -1   1   1  -1  -1  -1
   0   1  -1   0   0   1   0  -1   2   1  -1
   0   0   0   1   0   1   1  -2   1   0   0
   0   0   0   0   1   0  -1   1  -1  -1   1
4 9  M:16 9 N:24 11 H:21,11 [20]
    1    0    0    2   -2    0    0   -2    0
    0    1    0    1   -2    0   -1   -1   -1
    0    0    1    1   -1   -1   -1   -1   -1
    0    0    0    3   -2   -2   -1   -1   -2
4 11  M:16 11 N:25 9 H:21,11 [20]
   1   0   0  -1   0   0  -1   1   1  -1  -1
   0   1   0   0   0   1   1   0  -2   1   0
   0   0   1   0   0  -1   1  -1   1  -1  -1
   0   0   0   0   1   1   0  -1  -1   2   1
4 9  M:16 9 N:24 11 H:21,11 [20]
    1    0    0   -1    0    0    0   -2    2
    0    1   -1    0    0    0   -2    0    2
    0    0    0    0    1    0    2    2   -4
    0    0    0    0    0    1   -1   -1    1
4 9  M:16 9 N:27 11 H:21,11 [20]
    1   -1    0    0    0    0    0    0   -2
    0    0    1    0   -1    0   -2   -2    4
    0    0    0    1   -1    0   -2    0    2
    0    0    0    0    0    1    1    1   -3
4 9  M:16 9 N:24 10 H:21,11 [20]
    1   -1    0    0    0    2    0    0   -2
    0    0    1    1    0   -2    1    0    1
    0    0    0    2    0   -4    3    2    4
    0    0    0    0    1    1   -1   -1   -2
4 10  M:16 10 N:26 10 H:21,11 [20]
   1   0   0   0  -1   0  -1  -1   0   2
   0   1  -1   0   1   0   1  -1  -2  -3
   0   0   0   1   1   0   2  -2  -2  -2
   0   0   0   0   0   1   1  -1  -1  -2
4 11  M:15 11 N:24 10 H:21,11 [20]
   1  -1   0   0   0   0   1   1  -1  -1  -1
   0   0   1   0   0  -1   1  -1   1   0  -1
   0   0   0   1   0   1  -2   0   1   2   1
   0   0   0   0   1   1  -1  -1   0   2   2
4 11  M:16 11 N:26 15 H:21,11 [20]
    1    0    0    0   -1   -1    1   -1   -1    1    1
    0    1    0    0    1    0   -1    1   -1   -1    1
    0    0    1    0    0    1   -1   -1    1   -1    1
    0    0    0    1    0    0    0    0    0   -1   -1
4 11  M:15 11 N:24 13 H:21,11 [20]
    1    0    0    0    0    0   -1    1    1   -1   -1
    0    1    0    0    0    1    1    0   -1   -1    0
    0    0    1    0    0    1    1   -1    0    0   -1
    0    0    0    1   -1    0    0    1   -1    1   -1
4 11  M:16 11 N:26 14 H:21,11 [20]
    1    0    0    0   -1    2    0   -1    0   -1   -1
    0    1    0    0    1   -1    0    1    1   -1    1
    0    0    1    0    0   -1   -1    1   -1    1   -1
    0    0    0    1    0    0   -1   -1    0    1   -1
4 11  M:16 11 N:27 14 H:21,11 [20]
    1    0    0    0    0   -1   -1    2   -1    0    0
    0    1    0    0   -1    0    0   -1    0   -1    0
    0    0    1    0    0    1    1   -1   -1    1    1
    0    0    0    1   -1    1   -1   -1    1   -1    1
4 11  M:16 11 N:26 12 H:21,11 [20]
    1    0    0    0    1    1   -1   -1   -1    1   -1
    0    1    0    0   -1   -1    0    2    0   -1    0
    0    0    1    0    1    0   -1   -1    1    0   -1
    0    0    0    1    0   -1    0    1   -1    1    1
4 11  M:16 11 N:26 11 H:21,11 [20]
   1   0   0  -1   0   0  -1  -1   1   0  -1
   0   1  -1   0   0   0   1   1  -3  -2   2
   0   0   0   0   1   0   0  -1  -1  -1   2
   0   0   0   0   0   1   1   0  -2  -2   2
4 11  M:16 11 N:27 13 H:21,11 [20]
    1    0    0    0   -1    1   -1    1    1    1   -1
    0    1    0    0    0   -1    0   -1   -1   -1    0
    0    0    1    0    1    1   -1    0    0    1   -2
    0    0    0    1   -1    0    0   -1    1    1    2
4 11  M:16 11 N:25 11 H:21,11 [20]
   1   0   0   0   0   0  -1   2  -1  -1   0
   0   1  -1   0   0   1   0  -1   0   0   1
   0   0   0   1   0   0   0  -1   0   2  -1
   0   0   0   0   1  -1  -1   1   1  -1  -1
4 11  M:16 11 N:25 11 H:21,11 [20]
   1  -1   0   0   0   0   0  -1   1   0   1
   0   0   1   0   0   1   1  -2   0   1   0
   0   0   0   1   0  -1   1   1  -1  -1  -1
   0   0   0   0   1   1   0  -1   1   2  -1
4 11  M:16 11 N:25 11 H:21,11 [20]
   1   0   0  -1   0  -1   0  -1  -1   1   1
   0   1  -1   0   0   1   0   1  -1   1  -1
   0   0   0   0   1  -1   0  -1  -1   0   2
   0   0   0   0   0   0   1   2   0  -1  -1
4 11  M:16 11 N:25 11 H:21,11 [20]
   1  -1   0   0   0   1   0  -1   1   0   1
   0   0   1   0   0   0   2  -1  -1   0  -1
   0   0   0   1   0  -1  -1   1   1   1  -1
   0   0   0   0   1   0  -1   2   0  -1   0
4 11  M:16 11 N:25 13 H:21,11 [20]
    1   -1    0    0    0    1   -1    0    0   -1    1
    0    0    1    0    0    0   -1    0    2   -1   -1
    0    0    0    1    0    0    0   -1   -1    2    0
    0    0    0    0    1   -1    1   -1   -1    1    1
4 11  M:16 11 N:26 14 H:21,11 [20]
    1    0    0   -1    0    0    0   -1   -1    2    0
    0    1   -1    0    0    0    0   -1   -1    0    2
    0    0    0    0    1    0   -1   -1    1    0    0
    0    0    0    0    0    1   -1   -1   -1    1    1
4 11  M:16 11 N:25 12 H:21,11 [20]
    1    0    0    0    0    0   -1    2    0   -1   -1
    0    1   -1    0    0    1    0   -1    1    0    0
    0    0    0    1    0    0    0   -1   -1    2    0
    0    0    0    0    1   -1   -1    1    1   -1    1
4 11  M:16 11 N:25 12 H:21,11 [20]
    1    0    1    0    0   -1   -1    2    0    1    0
    0    1   -1    0    0    1    0   -1    1    0   -1
    0    0    0    1    0    0   -1    0    0   -1    2
    0    0    0    0    1   -1   -1    1    1   -1    1
4 11  M:16 11 N:25 12 H:21,11 [20]
    1    0   -1    0   -1    0    0   -1    1   -2    1
    0    1    0    0   -1    0    1   -1   -1   -1    1
    0    0    0    1    1    0    1    0    0    1   -2
    0    0    0    0    0    1    0   -1    1    0   -1
4 11  M:15 11 N:26 13 H:21,11 [20]
    1    0    0    1    1    0   -1   -1   -2    0    0
    0    1    0    1   -1    0    0    1    0   -1   -1
    0    0    1   -1    0    0    1    0    1    1   -1
    0    0    0    0    0    1   -1   -1    0   -1    1
4 11  M:16 11 N:26 14 H:21,11 [20]
    1   -1    0    0    0   -1    1    0    2    2   -2
    0    0    1    0    0    1   -1    0   -2   -2    0
    0    0    0    1    0    1   -1    1   -1   -1   -1
    0    0    0    0    1    0   -1    1   -1   -2    1
4 11  M:16 11 N:25 11 H:21,11 [20]
    1   -1    0    0    0    0    1    1    1   -1   -1
    0    0    1    0    0   -1    1    1   -1    1   -1
    0    0    0    1    0    1    0   -2    0    1    1
    0    0    0    0    1    1   -1   -1   -1    0    2
4 11  M:15 11 N:26 13 H:21,11 [20]
    1    0   -1    0    0    1    1   -1   -1    1    0
    0    1    0    0    0    1   -1    1   -2    0    2
    0    0    0    1    0    0    0   -1    1   -1   -1
    0    0    0    0    1   -1    0    0    1   -1   -2
4 11  M:16 11 N:26 12 H:21,11 [20]
    1    0    0   -1    0    0    1    0   -2    0    2
    0    1   -1    0    0    0    0   -2    0    1    1
    0    0    0    0    1    0   -1    0    0    1   -1
    0    0    0    0    0    1   -1    1    1   -1   -1
4 11  M:16 11 N:27 13 H:21,11 [20]
    1    0    0   -1    1    0    0    0   -2    1    2
    0    1   -1    0    1    0    0   -2    0    1    2
    0    0    0    0    0    1    0    1    1   -2   -2
    0    0    0    0    0    0    1    0    0   -1   -1
4 11  M:16 11 N:26 13 H:21,11 [20]
    1    0    0    1    0   -1   -1    2    0   -2    2
    0    1    0   -1    0    1    0   -1    1   -1   -1
    0    0    1   -1    0    1    0   -2    0    0   -2
    0    0    0    0    1   -1   -1    1    1   -1    0
4 11  M:16 11 N:25 12 H:21,11 [20]
    1    0   -1    0    0    1   -1    0    1   -2   -3
    0    1    0    0    0   -2    1    1    0    2    2
    0    0    0    1    0    0    0    1   -1    0   -1
    0    0    0    0    1    0   -1   -1    1   -1   -1
4 12  M:16 12 N:25 13 H:21,11 [20]
    1    0    0    0    0    0   -1    0    1    1   -1   -1
    0    1    0    0    0    0    0   -1    1   -1    1   -1
    0    0    1    0   -1    1    1    1   -1    0    0    0
    0    0    0    1    0    1    1    1    0   -1   -1    1
4 12  M:16 12 N:25 14 H:21,11 [20]
    1    0    0    0    0    1    0    0    1   -1   -1   -1
    0    1    0    0    0    0    1    0   -1   -1    1    0
    0    0    1    0    0    0    1   -1   -1    1   -1   -1
    0    0    0    1   -1    1   -1    1    0    0    0    1
4 12  M:16 12 N:26 15 H:21,11 [20]
    1    0    0    0    1    0    1   -1    0   -1   -1    1
    0    1    0    0    1   -1   -1    0    1    1   -1   -1
    0    0    1    0    1    1    0   -1    0   -1    1   -1
    0    0    0    1   -1    0    0    1   -1    0    0    0
4 12  M:16 12 N:26 12 H:21,11 [20]
   1   0   0  -1   0   0   1  -1   0   1   2  -3
   0   1  -1   0   0   0   1   0   0   1   1  -1
   0   0   0   0   1   0  -1   1  -1   0  -2   2
   0   0   0   0   0   1  -1   1  -1  -1   0   1
4 12  M:16 12 N:25 13 H:21,11 [20]
    1    0    0    0    0    0    0    0    0    1   -1   -1
    0    1    0    0   -1    0    1   -2    1    1    0    0
    0    0    1   -1    0    0    1    0   -1   -1   -1    1
    0    0    0    0    0    1   -1    1   -1    0   -1    1
4 12  M:16 12 N:26 15 H:21,11 [20]
    1    0    0    0    0    1    1   -1    0   -2    0    1
    0    1   -1    0    0    1   -1   -1    1   -1    1    1
    0    0    0    1    0   -1    0    0   -1    1   -1   -1
    0    0    0    0    1    0   -1    0    1    1   -1    1
4 12  M:16 12 N:26 15 H:21,11 [20]
    1    0    0    1    0    1    1    0    0    0   -2    1
    0    1    0   -1    0    0   -1   -1   -1   -1    1   -1
    0    0    1    1    0   -1    0    0    1    1   -1    1
    0    0    0    0    1   -1   -1   -1    1   -1    1    1
4 12  M:16 12 N:26 13 H:21,11 [20]
    1    0    0   -1    0    0    0   -1   -1    1    0   -1
    0    1   -1    0    0    0   -2    1   -2   -1    2    3
    0    0    0    0    1    0    0    0    1   -1   -1   -1
    0    0    0    0    0    1    1   -1    1    0   -2   -2
4 13  M:16 13 N:25 13 H:21,11 [20]
    1    0    0    0    0   -1    0    0    0   -1    1    1   -1
    0    1    0    0   -1    0    0    0   -1    1    1   -1   -1
    0    0    1   -1    0    0    0   -1    0    1   -1    1   -1
    0    0    0    0    0    0    1    1    1    0   -1   -1    2
4 13  M:16 13 N:25 14 H:21,11 [20]
    1   -1    0    0    0    1    0    1   -1   -2    0    0    2
    0    0    1    0    0   -1    1    0    1    1    1    0   -2
    0    0    0    1    0    1   -1    0    0    1   -1   -1    1
    0    0    0    0    1    0    0   -1    1    1   -1    1   -1
4 13  M:16 13 N:26 15 H:21,11 [20]
    1    0   -1    0    1    1    0   -1   -1    0    1   -1   -2
    0    1    0    0   -1    0    0    1    0    0   -1   -1    2
    0    0    0    1    0   -1    0    1    1   -1    0    0    2
    0    0    0    0    0    0    1   -1   -1    1    1   -1   -1
4 13  M:16 13 N:26 15 H:21,11 [20]
    1    0    0   -1    0   -1   -1   -2    1    2   -2    0    0
    0    1    0    1    0    1    0    1   -1    0    1   -1    0
    0    0    1    1    0    0    1    1   -1   -1    1    1   -1
    0    0    0    0    1    1    1    1   -1   -1    0    0    1
4 9  M:14 9 N:26 10 H:21,12 [18]
    1    0    0    0   -1    1   -1    1    0
    0    1    0    0    1   -1    0   -1   -1
    0    0    1    0   -1   -2    2    1    0
    0    0    0    1    1    1   -1   -2   -1
4 10  M:15 10 N:27 12 H:21,12 [18]
    1    0    0    0    1   -1    0   -2   -1    2
    0    1    0    0   -1    0    1    1    1   -3
    0    0    1    0   -1    0    0    0    0   -2
    0    0    0    1    1   -1   -1   -1    1    1
4 10  M:17 10 N:27 13 H:21,12 [18]
    1   -1    0    0   -1    0    1   -1    2    1
    0    0    1    0    2    0    0   -1   -1   -1
    0    0    0    1   -1    0   -1    2   -1   -1
    0    0    0    0    0    1   -1    0    0   -1
4 10  M:17 10 N:27 14 H:21,12 [18]
    1   -1    0    0    2   -1   -1    0    2    1
    0    0    1    0   -1    2   -1    0   -1   -1
    0    0    0    1   -1   -1    2    0   -1   -1
    0    0    0    0    0    0    0    1   -1   -1
4 10  M:16 10 N:26 10 H:21,12 [18]
    1    0    0    0   -1    0   -1    0   -2   -2
    0    1    0    0    0    2   -1    3   -3   -3
    0    0    1    0    0    0    1   -1    0   -1
    0    0    0    1   -1    1   -2    2   -3   -2
4 11  M:19 11 N:23 10 H:21,12 [18]
   1   0   0   0  -1   1  -2  -1   1   0  -2
   0   1   0   0   0  -3   3   2  -1  -3   3
   0   0   1   0   0   0   0   0   1  -1  -1
   0   0   0   1  -1   3  -3  -1   2   2  -2
4 10  M:17 10 N:24 12 H:21,12 [18]
    1    0    0    0    2   -2   -1   -1   -1    3
    0    1    0    0    0   -1   -1    1   -1    0
    0    0    1    0   -1    1    0    0    2   -3
    0    0    0    1   -1    1    0    0    0   -2
4 10  M:15 10 N:24 13 H:21,12 [18]
    1    0    0   -1    0   -1    2   -2    0    0
    0    1    0    1    0    1    0    1   -1   -2
    0    0    1    1    0    0   -1    0    0   -1
    0    0    0    0    1    1   -1    1    1   -1
4 10  M:17 10 N:27 14 H:21,12 [18]
    1    0    0    0    0    0    0   -1   -1    0
    0    1    0    1    1   -2    0    0    0    1
    0    0    1    1   -2    1    0   -1   -1    1
    0    0    0    2   -1   -1    1   -1    0    1
4 10  M:17 10 N:28 14 H:21,12 [18]
    1    0    0    0    0    0    0   -1    0   -1
    0    1    0    1    1   -2    0    0    1    1
    0    0    1    1   -2    1    0   -1    1    0
    0    0    0    2   -1   -1    1   -1    1    0
4 10  M:17 10 N:28 14 H:21,12 [18]
    1   -1    0    0    0   -1   -1    0    0   -1
    0    0    1    1   -2   -1    0    0    1    1
    0    0    0    3   -3   -1    1    0    0    0
    0    0    0    0    0    0    0    1   -1   -1
4 10  M:17 10 N:28 14 H:21,12 [18]
    1   -1    0    0    0   -1   -1    0    0   -1
    0    0    1    1   -2   -1    0    0    1    1
    0    0    0    3   -3   -1    1    0    0    1
    0    0    0    0    0    0    0    1   -1   -1
4 10  M:17 10 N:27 13 H:21,12 [18]
    1   -1    0    0    0   -1    3   -3    2    0
    0    0    1    0    0    2   -3    3   -2   -1
    0    0    0    1    0    0    0    0   -1   -1
    0    0    0    0    1   -1    1   -2    1    0
4 10  M:17 10 N:28 13 H:21,12 [18]
    1   -1    0    0    0    1    3   -3   -2   -2
    0    0    1    0    0   -1   -2    1    1    0
    0    0    0    1    0    0    0    0   -1   -1
    0    0    0    0    1    2    3   -3   -2   -1
4 10  M:17 10 N:27 13 H:21,12 [18]
    1    0    0   -3    3    1    2    0   -3   -2
    0    1    0    1   -2   -1   -1    0    1    0
    0    0    1    3   -3   -2   -1    0    3    1
    0    0    0    0    0    0    0    1   -1   -1
4 10  M:17 10 N:28 14 H:21,12 [18]
    1    0    0    0   -1   -1    0   -1    0   -1
    0    1    1   -2    0    1    0    1    1    1
    0    0    3   -3    1    2    0    3    0    1
    0    0    0    0    0    0    1    0   -1   -1
4 10  M:17 10 N:28 14 H:21,12 [18]
    1    0    0    0    0    0    0   -1   -1    0
    0    1    0    0    0   -1   -1    0   -1   -1
    0    0    1    1   -2    1    0    0    0    1
    0    0    0    3   -3    1   -1    1    0    0
4 10  M:17 10 N:28 14 H:21,12 [18]
    1    0    0    0    0    0    0   -1    0   -1
    0    1    0    0    0   -1   -1    0   -1   -1
    0    0    1    1   -2    1    0    0    1    1
    0    0    0    3   -3    1   -1    1    0    2
4 10  M:17 10 N:28 13 H:21,12 [18]
    1    0    0    1    1   -1   -2    0   -1    0
    0    1    0    0    0   -1    0   -1   -1   -1
    0    0    1    1    3   -2   -3   -1   -2    0
    0    0    0    2    3   -2   -3    0   -1    1
4 10  M:17 10 N:28 13 H:21,12 [18]
    1    0    1   -1   -2   -1    0   -2    1    0
    0    1    0   -1    0   -1    0   -1    0   -1
    0    0    3   -2   -3   -1    0   -3    3    2
    0    0    0    0    0    0    1    0   -1   -1
4 10  M:17 10 N:28 13 H:21,12 [18]
    1    0    1    1   -2   -1    0    0   -2   -2
    0    1    1    3   -3    0    0    2   -3   -1
    0    0    2    3   -3   -1    0    1   -3   -2
    0    0    0    0    0    0    1    0   -1   -1
4 10  M:17 10 N:24 12 H:21,12 [18]
    1    0    0    2    0   -1    1    0   -2   -4
    0    1    0   -1    0    2   -2   -1    2    2
    0    0    1   -1    0    0   -1   -1    0    1
    0    0    0    0    1   -1    1    0   -1   -2
4 10  M:17 10 N:28 12 H:21,12 [18]
    1    1   -2    0    0    1    0   -2   -1    1
    0    3   -3    0    0    3    2   -3    0    4
    0    0    0    1    0    0    0   -1   -1    0
    0    0    0    0    1   -1   -1    0   -1   -1
Exceeded limit of 100
</pre></body>
