<head><title>SEARCH RESULTS</title></head>
<body><pre><b>Search command:</b>
class.x -di x -He EH3:MVNFL250

<b>Result:</b>
4 5  M:53 5 N:9 5 H:3,43 [-80]
   1   0   2   4 -10
   0   1   3   5  -9
   0   0   4   0  -4
   0   0   0   8  -8
4 5  M:48 5 N:8 5 H:3,45 [-84]
   1   0   2   4  -8
   0   1   5   3  -9
   0   0   6   0  -6
   0   0   0   6  -6
4 6  M:48 6 N:8 6 H:3,45 [-84]
   1   1   0   2   4  -8
   0   3   0   2   0  -6
   0   0   1  -1   3  -3
   0   0   0   0   6  -6
4 13  M:64 13 N:8 7 H:3,51 [-96]
   1   0   0   2  -2   0  -1  -1   0   2   2  -3  -3
   0   1   1   3  -5   2   0   0   2   4   4  -6  -6
   0   0   4   0  -4   5   4  -1   0   1   0  -4  -5
   0   0   0   4  -4   1  -1  -1   1   5   5  -5  -5
4 9  M:66 9 N:8 6 H:3,57 [-108]
   1   0   0   1  -3   3   3  -3   5
   0   1   0   0   2  -4  -6   4  -8
   0   0   1   0   2  -2  -2   0  -4
   0   0   0   2   0  -4  -6   6  -6
4 7  M:65 7 N:8 6 H:3,57 [-108]
   1   0   2   0   0  -2  -2
   0   1   3   1   1  -3  -3
   0   0   4   0   4  -6   0
   0   0   0   4  -4   6  -6
4 11  M:66 11 N:8 7 H:3,57 [-108]
   1   1   1   0   2   2  -3   3   3   1  -7
   0   2   0   0   3   0  -2   2   4   2  -6
   0   0   2   0   0   3  -2   4   2   2  -6
   0   0   0   1  -1  -1   2  -2  -2  -2   2
4 12  M:69 12 N:8 7 H:3,57 [-108]
   1   0   0   0   3  -3   3  -3  -1  -3   3  -3
   0   1   0   0   2   0   0  -2  -2  -3   0  -3
   0   0   1   0  -6   3  -3   6   4   7  -6   3
   0   0   0   1   2  -2   1  -3  -2  -3   4   1
4 9  M:66 9 N:8 6 H:3,59 [-112]
   1   1   0   0   0   0  -2  -2   3
   0   4   0   0   4   4  -2  -2  -2
   0   0   1   0   1   0   3  -2  -2
   0   0   0   1   0   1  -2   3  -2
4 7  M:77 7 N:9 6 H:3,59 [-112]
   1   0   2   0  -4  -6  -2
   0   1   3   1  -3  -5  -1
   0   0   4   0   0  -4  -4
   0   0   0   4  -4  -4   4
4 9  M:77 9 N:9 7 H:3,59 [-112]
   1   0   0   2  -4  -2  -2   0  -2
   0   1   1   3  -3  -1  -1   1  -1
   0   0   4   0   0  -4   0  -4   4
   0   0   0   4  -4   0   0   4  -4
4 5  M:70 5 N:8 5 H:3,63 [-120]
   1   1   1   1  -5
   0   3   0   0  -3
   0   0   3   3  -6
   0   0   0   6  -6
4 7  M:74 7 N:8 6 H:3,63 [-120]
   1   1   0   4  -8  -2   4
   0   3   0   0  -6   3   6
   0   0   1   3  -3  -3   0
   0   0   0   6  -6  -3   3
4 6  M:70 6 N:8 6 H:3,63 [-120]
   1   1   1   1   1  -5
   0   3   0   3   0  -6
   0   0   3   3   0  -6
   0   0   0   0   3  -3
4 7  M:78 7 N:8 6 H:3,63 [-120]
   1   0   1   2   4  -8 -14
   0   1   0   2   0  -3  -6
   0   0   3   0   6  -6 -12
   0   0   0   3   3  -6  -9
4 7  M:74 7 N:8 7 H:3,63 [-120]
   1   0   0   0  -3  -3   3
   0   1   1   1   1  -2  -2
   0   0   3   0   3   0  -6
   0   0   0   3  -3  -6   6
4 13  M:76 13 N:8 7 H:3,63 [-120]
   1   0   0   2  -1  -1   0   0  -1   2  -3   2  -3
   0   1   1   2  -4   0   2   2   0   4  -6   4  -6
   0   0   3   0  -3  -1   0   4   3   2  -3   0  -5
   0   0   0   3  -3  -1   1   1  -1   5  -5   5  -5
4 9  M:75 9 N:8 6 H:3,65 [-124]
   1   1   1   1  -3   1  -3   1  -3
   0   2   0   0  -4   4  -2   0  -4
   0   0   2   0  -4   0  -4   4  -2
   0   0   0   2  -4   2  -4   2  -4
4 11  M:79 11 N:8 7 H:3,66 [-126]
   1   0   0   0  -5  -6  -6   4   4   3   3
   0   1   0   0   3   3   4  -6   0  -6   1
   0   0   1   0   3   4   3   0  -6   1  -6
   0   0   0   1   3   3   3  -3  -3  -3  -3
4 10  M:84 10 N:8 7 H:3,66 [-126]
   1   0   0   0  -3   5   0   6   6 -15
   0   1   0   0   1  -2  -1  -3  -3   4
   0   0   1   0   0  -2   2  -2  -3  -3
   0   0   0   1   3  -2  -3  -3  -2  12
4 9  M:82 9 N:8 6 H:3,67 [-128]
   1   0   0   2  -1  -1  -2  -2  -2
   0   1   1   2   0   0  -1  -1  -6
   0   0   3   0   0   4  -2   3 -12
   0   0   0   3  -2  -2  -2  -2   3
4 12  M:82 12 N:8 7 H:3,67 [-128]
   1   0   0   2  -1  -1   0   0  -1  -1  -1  -1
   0   1   1   2  -4   0   2   2   0   1   1  -4
   0   0   3   0  -3   3   0   4  -1   4  -1  -6
   0   0   0   3  -3  -1   1   1  -1   0   0   0
4 11  M:78 11 N:8 7 H:3,67 [-128]
   1   0   2   3  -5   3   2  -6   3   3  -7
   0   1   3   2  -6   2   3  -5   3   3  -7
   0   0   4   0  -4   4   0  -4   5   0  -5
   0   0   0   4  -4   0   4  -4   0   5  -5
4 5  M:81 5 N:8 5 H:3,69 [-132]
   1   1   1   1 -11
   0   4   0   0 -12
   0   0   4   0 -12
   0   0   0   2  -4
4 6  M:81 6 N:8 6 H:3,69 [-132]
   1   1   1   1  -3  -7
   0   4   0   0  -4  -8
   0   0   2   0   0  -4
   0   0   0   4  -4  -4
4 7  M:81 7 N:8 6 H:3,69 [-132]
   1   1   1   1  -3  -3  -3
   0   2   2   2  -4  -4  -4
   0   0   4   0  -4   0  -4
   0   0   0   4   0  -4  -4
4 9  M:81 9 N:8 6 H:3,69 [-132]
   1   0   0   0   5  -6  -6   9   9
   0   1   0   0  -2   0   4  -6  -2
   0   0   1   0  -2   4   0  -2  -6
   0   0   0   1  -2   3   3  -6  -6
4 8  M:81 8 N:8 6 H:3,69 [-132]
   1   1   1   0   0   0  -1  -4
   0   4   0   0   0   4  -4  -4
   0   0   4   0  -4  -4   4  -8
   0   0   0   1   1   1  -2   1
4 9  M:83 9 N:8 6 H:3,69 [-132]
   1   0   1   3   1   3  -6  -3  -3
   0   1   0   2   2  -2  -1  -4   2
   0   0   2   0   0   4  -4   2  -4
   0   0   0   4   2   0  -4  -4   2
4 8  M:80 8 N:8 6 H:3,69 [-132]
   1   0   1  -3   1   1   0   0
   0   1   0   4   0  -6  -5   1
   0   0   3   3   0  -6  -6   0
   0   0   0   0   3  -3  -3   3
4 7  M:83 7 N:8 6 H:3,69 [-132]
   1   0   1   1   1  -3  -3
   0   1   0   0  -4   4  -8
   0   0   2   0  -2   0  -6
   0   0   0   2  -4   6 -12
4 6  M:81 6 N:8 7 H:3,69 [-132]
    1    1    1    1   -3   -3
    0    2    2    2   -6   -2
    0    0    4    0   -4    0
    0    0    0    4   -4    0
4 9  M:81 9 N:8 7 H:3,69 [-132]
   1   1   1   0   0   1  -3  -4   0
   0   2   2   1   1   2  -6  -7   1
   0   0   4  -1   3   0  -4  -5  -1
   0   0   0   0   0   4  -4  -4   4
4 13  M:82 13 N:8 7 H:3,69 [-132]
   1   1   1   1   2  -1  -1  -1  -1  -1  -1  -1  -1
   0   2   0   0   1   2   2  -2  -2   0  -2   0  -2
   0   0   2   0   1   0  -2  -2  -2   2   0  -2   2
   0   0   0   2   1  -2   0   0   2  -2  -2   2  -2
4 11  M:81 11 N:8 7 H:3,69 [-132]
   1   0   0   0  -1  -1   0   3  -1  -4   0
   0   1   1   0   2   2   0  -6   2   5  -3
   0   0   2   0   2   5  -3 -12   8  11  -9
   0   0   0   1  -1  -1   1   4  -4  -4   4
4 10  M:80 10 N:8 7 H:3,69 [-132]
   1   1   1   1   0   0   0   0   1  -3
   0   3   0   3   0   3   0   3  -3  -3
   0   0   3   3   0   0   3   3  -3  -3
   0   0   0   0   1   1   1   1  -3   1
4 9  M:83 9 N:8 7 H:3,69 [-132]
   1   1   1   0   0   1   1  -3  -3
   0   2   0   0  -3   4   2   0  -6
   0   0   2   0   3  -2   2  -6   6
   0   0   0   1   1  -2   0  -2   4
4 13  M:81 13 N:8 7 H:3,69 [-132]
   1   0   0   0   1   0   3  -3  -3   3   3  -3  -3
   0   1   0   0   1  -2  -4   7   3  -8  -6   6   1
   0   0   1   0  -1   2   0  -3   1   2   0  -3   2
   0   0   0   1  -1   1   2  -3  -3   4   4  -2  -2
4 10  M:85 10 N:8 7 H:3,69 [-132]
   1   1   0   2   2   2   0   0  -2 -12
   0   3   0   0   0   4   3  -1  -4  -9
   0   0   1   2   0   0  -1  -1   0  -5
   0   0   0   3   1   1  -1  -1   1  -9
4 10  M:82 10 N:8 7 H:3,69 [-132]
   1   1   1   0   3   3  -1  -1  -5  -9
   0   2   0   0   4   0   2  -2  -4  -6
   0   0   2   0   0   4  -2   2  -4  -6
   0   0   0   1  -2  -2   0   0   2   4
4 12  M:83 12 N:8 7 H:3,69 [-132]
   1   0   0   0   2  -1   2  -2   2  -2   2  -4
   0   1   1   1  -3   2  -5   3  -5   3  -7   5
   0   0   2   0  -2   2  -2   0  -4   2  -4   2
   0   0   0   2  -2   2  -4   2  -2   0  -4   2
4 12  M:84 12 N:8 7 H:3,71 [-136]
   1   1   1   1   1   1  -1  -1  -1  -1  -1  -1
   0   3   0   0   3   3  -1  -1  -2  -1  -2  -2
   0   0   2   0   2   0   2  -2  -2  -2   2  -2
   0   0   0   2   0   2  -2   2  -2  -2  -2   2
4 13  M:84 13 N:8 7 H:3,71 [-136]
   1   1   1   1   0   0   0   0  -2  -2   1   1  -2
   0   2   0   2   0   3   0   3  -2   1  -2  -2  -5
   0   0   3   3   0   0   2   2  -2  -2  -2   1  -5
   0   0   0   0   1   1   1   1   1   1  -2  -2  -2
4 12  M:84 12 N:8 7 H:3,71 [-136]
   1   1   0   0   0   0  -2  -2   3   3  -2  -2
   0   3   0   0   3   3  -1  -1  -2  -1  -2  -2
   0   0   1   0   1   0   3  -2  -2  -2   3  -2
   0   0   0   1   0   1  -2   3  -2  -2  -2   3
4 12  M:85 12 N:8 7 H:3,72 [-138]
   1   0   0  -1   0   0  -3  -4   3   4  -1   1
   0   1   0   1   1   1   0   1  -3  -3   1   0
   0   0   1   1   0  -3   1   1   1   0   1  -3
   0   0   0   0   3  -3  -3  -3   3   3   3  -3
4 8  M:85 8 N:8 7 H:3,72 [-138]
   1   1   1   1  -2  -2  -2  -2
   0   3   0   0   0  -3   0  -3
   0   0   3   0  -3   0  -3   0
   0   0   0   3  -3  -3   0   0
4 13  M:85 13 N:8 7 H:3,72 [-138]
   1   0   1  -2   1  -2  -2   1   1  -2   1   1   1
   0   1   0   3   0   3   2  -1  -1   2  -1  -4  -4
   0   0   2   2   0   0  -1  -1   2   2  -1  -1  -4
   0   0   0   0   2   2   2  -1  -1  -1   2  -4  -1
4 9  M:88 9 N:8 6 H:3,73 [-140]
   1   1   0   1   1  -1  -1  -3  -3
   0   2   0   0   4  -4  -2  -6   0
   0   0   1   0   0  -2  -2  -2   4
   0   0   0   2   2  -4  -4  -6   6
4 11  M:88 11 N:8 7 H:3,73 [-140]
   1   1   1   1   1  -1   1   1  -1  -1  -5
   0   2   0   0   1  -2   2   0  -2   2  -2
   0   0   2   0   1  -2   0   2   2  -2  -2
   0   0   0   2  -1   0   2   2   0   0  -4
4 10  M:87 10 N:8 7 H:3,73 [-140]
   1   1   1   1   1   1  -1  -1  -3  -3
   0   2   0   2   0   4  -2  -2  -4  -4
   0   0   2   2   0   0   2  -2  -4   0
   0   0   0   0   2   2  -2  -2  -2  -2
4 12  M:88 12 N:8 7 H:3,73 [-140]
   1   0   0   0   0   0  -2  -2   3  -2  -2   3
   0   1   1   0   0   1   3   3  -6   2   2  -8
   0   0   2   0   3  -2  -2   2   0   3  -2  -2
   0   0   0   1   1  -2  -2  -2   4  -1  -1   4
4 10  M:87 10 N:8 7 H:3,73 [-140]
   1   1   1   1  -1  -1  -1  -1  -1  -1
   0   3   0   0  -2  -2   2  -2  -2   3
   0   0   3   0   2  -2  -2  -2   3  -2
   0   0   0   3  -2   2  -2   3  -2  -2
4 13  M:87 13 N:8 7 H:3,73 [-140]
   1   1   0   0   0   3   3  -1  -1  -3  -3   3  -3
   0   2   0   1   0   0   2  -2   2   1  -3   0  -3
   0   0   1   1   0  -4  -4   2   2   4   4  -6   0
   0   0   0   0   1   2   2  -2  -2  -3  -3   4   1
4 8  M:88 8 N:8 7 H:3,73 [-140]
   1   1   1   0   3  -3  -3   3
   0   2   0   0   4   0  -6   6
   0   0   2   0   4  -6   0   6
   0   0   0   1   2  -2  -2   4
4 5  M:81 5 N:9 5 H:3,75 [-144]
   1   0   0   0  -5
   0   1   1   1  -9
   0   0   5   0 -15
   0   0   0   5 -15
4 5  M:101 5 N:9 5 H:3,75 [-144]
   1   0   2   6 -18
   0   1   3   7 -17
   0   0   4   4 -12
   0   0   0   8  -8
4 8  M:90 8 N:8 6 H:3,75 [-144]
   1   1   1   0   0   0   1  -4
   0   3   0   0  -4  -4   9   4
   0   0   3   0   4   0  -3  -8
   0   0   0   1   1   1  -3  -3
4 9  M:90 9 N:8 6 H:3,75 [-144]
   1   1   1   1   1   1   0  -5  -5
   0   3   0   3   0   1  -1  -6  -6
   0   0   2   2   0   0  -1  -1  -6
   0   0   0   0   2   2   2  -3  -3
4 8  M:94 8 N:8 6 H:3,75 [-144]
   1   1   0   0   0   4   4 -12
   0   3   0   0  -4  18  20 -36
   0   0   1   0   0  -3  -4   4
   0   0   0   1   1  -6  -7   9
4 8  M:87 8 N:8 6 H:3,75 [-144]
   1   1   1   0   1   1   1  -9
   0   2   0   0  -1   4  -1  -6
   0   0   2   0   4  -1  -1  -6
   0   0   0   1  -1  -1  -1   4
4 8  M:90 8 N:8 6 H:3,75 [-144]
   1   1   1   1   1  -5  -5   1
   0   3   0   3   0  -6  -6   0
   0   0   2   2   2  -4  -6   0
   0   0   0   0   3  -3  -3   3
4 9  M:90 9 N:8 6 H:3,75 [-144]
   1   1   1   1  -3   1  -3   1  -3
   0   3   0   0  -4   3  -1   0  -4
   0   0   3   0  -4   0  -4   3  -1
   0   0   0   2  -2   2  -2   2  -2
4 6  M:101 6 N:9 6 H:3,75 [-144]
   1   0   2   6  -6 -10
   0   1   3   7  -5  -9
   0   0   4   4  -4  -4
   0   0   0   8   0  -8
4 10  M:90 10 N:8 7 H:3,75 [-144]
   1   1   1   1   1   1  -2  -2  -2  -2
   0   3   0   3   0   3  -3  -3  -3  -3
   0   0   2   2   0   0  -3   0   2  -3
   0   0   0   0   2   2   0  -3  -3   2
4 10  M:90 10 N:8 7 H:3,75 [-144]
   1   1   1   1  -2  -2   1  -2   1  -2
   0   2   0   2  -3  -1   0  -3   2  -1
   0   0   3   3  -3  -3   0   0   0   0
   0   0   0   0   0   0   3  -3   3  -3
4 12  M:90 12 N:8 7 H:3,75 [-144]
   1   1   1   1   0   0   0   0   1   1  -3  -3
   0   3   0   3   0   3   0   3  -3  -3  -3  -3
   0   0   2   2   0   0   2   2  -3  -1  -3  -1
   0   0   0   0   1   1   1   1  -3  -3   1   1
4 11  M:91 11 N:8 7 H:3,75 [-144]
   1   0   0   0  -1  -3   0  -1   3  -3   3
   0   1   1   0   2   4  -2   2  -6   4  -8
   0   0   2   0  -1  -1   2  -4   0  -4   2
   0   0   0   1  -1  -3   3  -4   4  -6   6
4 13  M:90 13 N:8 7 H:3,75 [-144]
   1   0   0   0  -1   1   0   3  -2  -1   3  -4   0
   0   1   0   0  -1  -2   3   0   1  -4   0  -1   3
   0   0   1   0   3   2  -4  -4   2   6  -6   6  -6
   0   0   0   1  -1  -2   2   2  -2  -4   4  -4   4
4 11  M:90 11 N:8 7 H:3,75 [-144]
   1   1   1   0   0   0  -1  -1  -1   1  -1
   0   3   0   0   4   0  -1   3  -1  -3  -5
   0   0   3   0   0   4  -1  -1   3  -3  -5
   0   0   0   1   1   1   1   1   1  -3  -3
4 12  M:90 12 N:8 7 H:3,75 [-144]
   1   0   1   1   0   0  -2   1  -2  -2   1   1
   0   1   0   0   1   1   1  -2   1   1  -2  -2
   0   0   3   0   3   0  -2  -2   1  -2   1  -2
   0   0   0   3   0   3  -2  -2  -2   1  -2   1
4 12  M:90 12 N:8 7 H:3,75 [-144]
   1   1   0   0  -2  -2  -2  -2   2   4   0   0
   0   2   0   0  -6  -6  -5  -5   3  11   3   3
   0   0   1   0   3   0   3  -1  -1  -3   1  -3
   0   0   0   1   0   3  -1   3  -1  -3  -3   1
4 11  M:91 11 N:8 7 H:3,75 [-144]
   1   1   0   0   0   1   1   1   1  -3  -3
   0   2   0   0   3   0   4   2  -2  -3  -6
   0   0   1   1   1   0   0  -2  -2   1  -2
   0   0   0   3   3   2   2  -2  -2   0  -6
4 10  M:90 10 N:8 7 H:3,75 [-144]
   1   0   0   1   1   1   0   0  -3  -3
   0   1   0   0  -3   0   1  -3   0   4
   0   0   1   0   3  -3   0   4   1  -3
   0   0   0   3   3  -3   3   3  -3  -3
4 11  M:90 11 N:8 7 H:3,75 [-144]
   1   1   1   0   1  -2  -2   1   1  -2  -2
   0   2   0   0  -1   0   2  -3  -1   2  -3
   0   0   2   0  -1   2   0  -1  -3  -3   2
   0   0   0   1  -1   3   3  -3  -3   0   0
4 9  M:90 9 N:8 7 H:3,75 [-144]
   1   1   0   0   1   1   0   0  -4
   0   3   0   4   0  -3  -4   0  -4
   0   0   1   1   0  -3  -3   1   1
   0   0   0   0   3  -3  -4   4   0
4 11  M:94 11 N:8 7 H:3,75 [-144]
   1   0   0   1   1   0   0  -1  -1   1  -5
   0   1   1   0   0   1   1   1   1  -3  -3
   0   0   3   0   3   4   0  -1   3  -3  -9
   0   0   0   3   3   1   1  -1  -1   3  -9
4 12  M:91 12 N:8 7 H:3,75 [-144]
   1   1   0   0   0   1   1   3   3  -6  -7   3
   0   2   0   3   0   3  -1  -2   2   0  -1  -6
   0   0   1   1   0   0   0  -2  -2   4   4  -6
   0   0   0   0   1  -1  -1  -2  -2   3   3  -2
4 12  M:90 12 N:8 7 H:3,75 [-144]
   1   1   1   1   1  -2   1  -2   1  -2   1  -2
   0   2   0   2   0  -3   2  -1   0  -3   2  -1
   0   0   2   2   0  -3   0  -3   2  -1   2  -1
   0   0   0   0   3  -3   3  -3   3  -3   3  -3
4 13  M:91 13 N:8 7 H:3,75 [-144]
   1   1   0   0   0   2   2   1  -3  -6   4   4  -6
   0   2   0   0   3  -1   2  -2   0   0  -2  -5   3
   0   0   1   0   0  -1  -1   0   2   2  -3  -3   2
   0   0   0   1   1  -1  -1  -2   2   5  -5  -5   5
4 13  M:91 13 N:8 7 H:3,75 [-144]
   1   1   0   0   0   0   2  -1  -1  -1  -1  -1  -1
   0   2   0   3   0   3  -1  -1   2  -1   2  -4  -4
   0   0   1   1   0   0  -1  -1  -1   2   2   2  -4
   0   0   0   0   1   1  -1   2   2  -1  -1  -4   2
4 13  M:93 13 N:8 7 H:3,76 [-146]
   1   1   0   0   0   0   2   2  -1  -1  -3   2  -3
   0   3   0   3   0  -3   2   4   2   4   0   0 -15
   0   0   1   1   0   0  -1  -1   2   2   2  -3  -3
   0   0   0   0   1   1  -1  -1  -1  -1  -1  -1   4
4 8  M:85 8 N:9 6 H:3,77 [-148]
   1   0   0   0  -1  -1  -1  -1
   0   1   1   1  -3   0   0   0
   0   0   5   0  -5  -2  -2   4
   0   0   0   5  -5  -2   4  -2
4 11  M:94 11 N:8 7 H:3,77 [-148]
   1   1   1   1   0  -1   1   1  -1  -3  -3
   0   2   0   0  -1  -2   0   2   2  -4   2
   0   0   2   0   1  -2   2   2  -2  -2  -2
   0   0   0   2  -1   2   2   0  -2   2  -4
4 11  M:93 11 N:8 7 H:3,77 [-148]
   1   1   1   0   0  -2   1   1   0   0  -5
   0   2   0   0   2   0  -2   2  -3   2  -3
   0   0   2   0   0   2  -2  -2  -3  -3   2
   0   0   0   1   1   3  -2  -2  -2  -2   3
4 12  M:93 12 N:8 7 H:3,77 [-148]
   1   1   1   1   1   1  -1  -1  -1  -1  -1  -1
   0   2   0   0   2   2   0   0  -2   0  -2  -2
   0   0   2   0   2   0   2  -2  -2  -2   2  -2
   0   0   0   2   0   2  -2   2  -2  -2  -2   2
4 11  M:91 11 N:8 7 H:3,77 [-148]
   1   0   1   1  -3   1   1   1   0   0   0
   0   1   0   0   2  -1  -1  -1  -1  -1  -1
   0   0   2   0  -2   4  -1  -1  -2  -2   4
   0   0   0   2  -2  -1   4  -1   4  -2  -2
4 10  M:95 10 N:8 7 H:3,77 [-148]
   1   0   1   1  -2  -3   1   1   1   1
   0   1   0   0   1   2  -2  -2  -2  -2
   0   0   2   0  -2  -2  -2   4  -2   6
   0   0   0   2  -2  -2   4  -2   6  -2
4 12  M:95 12 N:8 7 H:3,78 [-150]
   1   1   0   0   0  -2  -2   0   3   4   0  -5
   0   3   0   3   0   0   3   3  -3  -3  -3  -3
   0   0   1   1   0   2   2   0  -2  -3  -3   2
   0   0   0   0   1   1   1   1  -3  -3   1   1
4 10  M:95 10 N:8 7 H:3,78 [-150]
   1   0   1   1   0   0  -3   1  -3   1
   0   1   0   0   1   1   1  -3   1  -3
   0   0   3   0   3   0  -3   0   0  -3
   0   0   0   3   0   3   0  -3  -3   0
4 11  M:96 11 N:8 7 H:3,78 [-150]
   1   0   0   0   5   6   6  -6  -6  -3  -3
   0   1   0   0  -2  -3  -2   0   4   4  -3
   0   0   1   0  -2  -2  -3   4   0  -3   4
   0   0   0   1  -2  -3  -3   3   3   0   0
4 9  M:96 9 N:8 6 H:3,79 [-152]
   1   1   1   1   1   1  -3  -3  -3
   0   3   0   0   1   0   1  -4  -4
   0   0   3   0   0   1  -4   1  -4
   0   0   0   2   2   2  -2  -2  -2
4 12  M:96 12 N:8 7 H:3,79 [-152]
   1   1   0   0   1  -2   0   0   1   1  -4   1
   0   2   0   2   0   0  -2   2  -2   2  -2  -2
   0   0   1   1   0   3  -1  -1  -2  -2   3  -2
   0   0   0   0   2   2  -2  -2  -2  -2   2   2
4 12  M:96 12 N:8 7 H:3,79 [-152]
   1   0   0   0   0  -2  -2   3   1   3  -2  -2
   0   1   0   1  -2   3   0  -2   0  -2   3  -2
   0   0   1   0   3  -2   1   0  -2  -2  -2   3
   0   0   0   2   2  -2  -2   2  -2   0   0   0
4 10  M:96 10 N:8 7 H:3,79 [-152]
   1   0   1   0   0   0   3  -2  -2  -2
   0   1   0   1   0   0  -2   3  -2  -2
   0   0   2   2   0   3  -2  -2  -2   3
   0   0   0   0   1   1  -2  -2   3   3
4 6  M:100 6 N:8 6 H:3,81 [-156]
   1   1   1   1  -5  -5
   0   3   0   0  -6   0
   0   0   3   0   0  -6
   0   0   0   3  -3  -3
4 7  M:100 7 N:8 6 H:3,81 [-156]
   1   1   1   1  -5  -5   1
   0   3   0   0  -6  -3   3
   0   0   3   0   0  -3  -3
   0   0   0   3  -3  -3   3
4 8  M:99 8 N:8 6 H:3,81 [-156]
   1   1   1   1   1  -3  -7   1
   0   2   0   4   0  -4  -8   0
   0   0   2   2   0  -4  -6   2
   0   0   0   0   2  -2  -4   4
4 9  M:100 9 N:8 6 H:3,81 [-156]
   1   1   0   0   0   0   1  -3  -3
   0   3   0   1   4  -3   0 -12   4
   0   0   1   1   1   1  -3   1   1
   0   0   0   2   2   0  -3  -3   5
4 10  M:99 10 N:8 7 H:3,81 [-156]
   1   1   1   1   1  -1  -1  -1  -1  -1
   0   2   0   0  -2   0  -4   0   0   4
   0   0   2   0   2  -2   2   2  -2  -2
   0   0   0   2   2  -2   2  -2   2  -2
4 12  M:99 12 N:8 7 H:3,81 [-156]
   1   1   1   0   0   0   1   1   1  -2  -2  -2
   0   2   0   0  -3  -3   6   4   4   0  -5  -5
   0   0   2   0   3   0  -2   0  -2  -2   3  -2
   0   0   0   1   1   1  -2  -2  -2   1   1   1
4 11  M:100 11 N:8 7 H:3,81 [-156]
   1   0   0   1   0   0   3  -2   3  -3  -3
   0   1   0   0   1   0  -2   3  -3   3  -3
   0   0   1   0   0   1  -2  -2  -2  -2   4
   0   0   0   2   2   3  -2  -2  -3  -3   3
4 11  M:100 11 N:8 7 H:3,81 [-156]
   1   0   0   1   3   3   0   0  -2   0  -6
   0   1   0   0  -2  -3   0   1   3  -3   3
   0   0   1   0  -2  -2   1  -2   0  -2   4
   0   0   0   2  -2  -3   3  -2   2  -6   6
4 12  M:100 12 N:8 7 H:3,81 [-156]
   1   1   0   0   0   0  -1  -1   0  -4   0   4
   0   3   0   3   0   3   0   3  -3  -3  -3  -3
   0   0   1   1   0   0   1   1   1   1  -3  -3
   0   0   0   0   1   1   1   1  -3   1   1  -3
4 9  M:100 9 N:8 7 H:3,81 [-156]
   1   1   1   1  -2  -2  -2  -2   1
   0   3   0   0   0   0  -3  -3   3
   0   0   3   0   0  -3   0  -3   3
   0   0   0   3  -3   0   0   3  -3
4 8  M:100 8 N:8 7 H:3,81 [-156]
   1   1   1  -2   1  -2  -2  -2
   0   3   0   0   0   0  -3  -3
   0   0   3  -3   0   0  -3   3
   0   0   0   0   3  -3   3  -3
4 5  M:105 5 N:9 5 H:3,83 [-160]
   1   1   1   1  -7
   0   2   2   2  -6
   0   0   4   0  -4
   0   0   0   8  -8
4 11  M:101 11 N:8 7 H:3,83 [-160]
   1   1   1   1   0   0   0  -1  -1  -1  -1
   0   2   0   0  -1   3  -1  -2  -2   3  -2
   0   0   2   0  -1  -1   3  -2   3  -2  -2
   0   0   0   2  -1  -1  -1  -1  -1  -1   4
4 12  M:102 12 N:8 7 H:3,83 [-160]
   1   0   1   1   0   0   1  -2  -2  -2   1   1
   0   1   0   0   1   1  -2   1   1   1  -2  -2
   0   0   2   0   2   0  -2  -2   2  -2   2  -2
   0   0   0   2   0   2  -2  -2  -2   2  -2   2
4 12  M:102 12 N:8 7 H:3,83 [-160]
   1   1   0   0   0   0  -2  -2   3   3  -2  -2
   0   2   0   0   2   2   0   0  -2   0  -2  -2
   0   0   1   0   1   0   3  -2  -2  -2   3  -2
   0   0   0   1   0   1  -2   3  -2  -2  -2   3
4 11  M:106 11 N:8 7 H:3,84 [-162]
   1   0   0   0   5  -3  -3   6   6  -6  -6
   0   1   0   0  -2   1   1  -3  -3   1   1
   0   0   1   0  -2   0   3  -3  -2  -3   6
   0   0   0   1  -2   3   0  -2  -3   6  -3
4 10  M:105 10 N:8 7 H:3,84 [-162]
   1   1   0   0   0   0   1   1  -3  -3
   0   3   0   3   0   3  -3  -3  -3  -3
   0   0   1   1   0   0  -3   0   4  -3
   0   0   0   0   1   1   0  -3  -3   4
4 10  M:105 10 N:8 7 H:3,85 [-164]
   1   1   1   1  -1  -1  -1  -1  -1  -1
   0   2   0   0  -2  -2   2   2  -2  -2
   0   0   2   0  -2   0   0  -2  -2   4
   0   0   0   2   0  -2  -2   0   4  -2
4 10  M:106 10 N:8 7 H:3,85 [-164]
   1   0   0   0   2   0   0  -2  -2  -2
   0   1   1   1  -3  -1  -1   1   1   1
   0   0   2   0  -2  -2   2   4  -2  -2
   0   0   0   2  -2  -2  -2   0   0   6
4 10  M:105 10 N:8 7 H:3,85 [-164]
   1   1   1   1   0   0   0  -2  -2  -2
   0   2   0   0   3  -1  -1   3  -3  -3
   0   0   2   0  -1   3  -1  -3   3  -3
   0   0   0   2  -1  -1  -1  -1  -1  -1
4 10  M:105 10 N:8 7 H:3,85 [-164]
   1   1   1   1  -1  -1  -1  -1  -1  -1
   0   2   0   0  -2  -2   2  -2  -2   4
   0   0   2   0   2  -2  -2  -2   4  -2
   0   0   0   2  -2   2  -2   4  -2  -2
4 7  M:115 7 N:9 6 H:3,87 [-168]
   1   0   3   2   3 -10  -5
   0   1   4   3   4  -9  -4
   0   0   6   0   2  -8   2
   0   0   0   4   4  -4  -4
4 8  M:110 8 N:8 6 H:3,87 [-168]
   1   1   0   0   0   1   1  -6
   0   3   0   3   0   0  -6  -6
   0   0   1   1   1   0  -6   1
   0   0   0   0   3   3  -3  -3
4 8  M:110 8 N:8 6 H:3,87 [-168]
   1   1   0   0   0  -6  -2   4
   0   3   0   3   0  -6  -6   0
   0   0   1   1   1   1  -3  -3
   0   0   0   0   3  -3  -3   3
4 9  M:111 9 N:8 6 H:3,87 [-168]
   1   1   0   0   0   0   2  -3  -3
   0   2   0   0   3  -3   2 -18  12
   0   0   1   0   0   1  -1   4  -6
   0   0   0   1   1   0  -1  -6   4
4 13  M:108 13 N:8 7 H:3,87 [-168]
   1   0   0  -2   0  -2   3   4   4   0  -4   0  -4
   0   1   0   2   0   2  -1  -2  -2  -2   2  -2   2
   0   0   1   1   0   0  -1  -2  -1   3  -2  -2   3
   0   0   0   0   1   1  -1  -1  -2  -2   3   3  -2
4 9  M:115 9 N:9 7 H:3,87 [-168]
   1   0   1   2  -6  -4  -3   5   1
   0   1   0   3  -1   1  -4   0  -4
   0   0   2   0  -4  -4   2   6   6
   0   0   0   4  -4   0  -4   4   0
4 9  M:111 9 N:8 6 H:3,89 [-172]
   1   1   1   1  -3   1  -3   1  -3
   0   2   0   0  -4   4   0   0  -4
   0   0   2   0  -4   0  -4   4   0
   0   0   0   2  -2   2  -2   2  -2
4 9  M:113 9 N:8 6 H:3,89 [-172]
   1   0   0   0   2  -2  -2  -2  -2
   0   1   1   1  -5   3   3  -1  -1
   0   0   2   0  -4   4   0   4  -4
   0   0   0   2  -2   2   2  -2  -2
4 7  M:95 7 N:10 6 H:3,89 [-172]
   1   0   0   2  -4   0  -4
   0   1   1   3  -3   1  -3
   0   0   4   0   4  -4  -4
   0   0   0   4  -4   4  -4
4 9  M:112 9 N:8 7 H:3,89 [-172]
   1   0   0   0   2  -2  -2  -2  -2
   0   1   1   1  -3   1   1   1   1
   0   0   2   0  -2  -2   2  -2   6
   0   0   0   2  -2   2  -2   6  -2
4 11  M:110 11 N:9 7 H:3,89 [-172]
   1   0   0   2   0   0  -2  -2   0  -4  -4
   0   1   1   2   2   2  -1  -1  -2  -2  -2
   0   0   3   0   4   0   3  -2  -4  -4   4
   0   0   0   3   1   1  -2  -2   1  -3  -3
4 12  M:114 12 N:8 7 H:3,91 [-176]
   1   0   0  -1   0  -2   4  -1   5   0  -6   0
   0   1   0   1   0   0  -2   3  -2   3  -2  -2
   0   0   1   1   0   2  -1  -1  -2  -2   4  -2
   0   0   0   0   1   1  -2  -2  -2  -2   3   3
4 12  M:114 12 N:8 7 H:3,91 [-176]
   1   0   0   0   0   2  -2  -2   1  -2   4  -2
   0   1   0   0  -2  -2   5   2   2   2  -4  -4
   0   0   1   0   2   0  -2   1  -2  -2  -2   4
   0   0   0   1   1   1  -2  -2  -2   1   1   1
4 9  M:119 9 N:9 7 H:3,91 [-176]
   1   0   2   3  -9   5  -7 -11   5
   0   1   3   4  -8   6  -6 -10   6
   0   0   4   0  -6   4  -2  -6   2
   0   0   0   6  -6   6  -6  -8   8
4 9  M:117 9 N:8 6 H:3,93 [-180]
   1   1   1   1   1   1  -3  -3  -3
   0   2   0   0  -2  -2  -2   4  -2
   0   0   2   0   2   0   2  -4  -4
   0   0   0   2   2   2  -2  -2  -2
4 7  M:100 7 N:10 6 H:3,93 [-180]
   1   1   1   0   0   1  -7
   0   2   2   0   0   5  -7
   0   0   6   0   7  -3  -7
   0   0   0   1   1  -3   1
4 12  M:117 12 N:8 7 H:3,93 [-180]
   1   0   0   0   0  -2  -2   3  -1   5  -2  -2
   0   1   0   0  -3   5   4  -3   4  -5   2  -5
   0   0   1   0   3  -2  -1   0  -2  -2  -2   5
   0   0   0   1   1  -2  -2   1  -2   1   1   1
4 10  M:118 10 N:8 7 H:3,93 [-180]
   1   0   0   0   2  -1  -1  -2  -2  -2
   0   1   0   0  -2   4  -2   5  -2  -2
   0   0   1   0  -2  -2   4  -2   5  -2
   0   0   0   1   1  -2  -2  -2  -2   5
4 10  M:115 10 N:9 7 H:3,93 [-180]
   1   0   0   0  -1  -1  -1  -1  -1  -1
   0   1   1   1  -3   0   0   1   1   1
   0   0   4   0  -5  -2   4  -1   6  -1
   0   0   0   4  -2  -2  -2  -1  -1   6
4 7  M:98 7 N:10 6 H:3,95 [-184]
   1   0   0   3   3  -5  -5
   0   1   1   4   4  -4  -4
   0   0   3   0  -1  -5   3
   0   0   0   6   7  -5  -5
4 12  M:120 12 N:8 7 H:3,95 [-184]
   1   0   0   0  -1  -1   5   2  -3  -3   0   0
   0   1   0   0   1   1  -2   1   1   1  -2  -2
   0   0   1   0   1   0  -2  -2   3  -2   3  -2
   0   0   0   1   0   1  -2  -2  -2   3  -2   3
4 11  M:121 11 N:8 7 H:3,95 [-184]
   1   0   0   0   0   1   2  -2  -2  -2  -2
   0   1   0   0   2  -2  -2  -2   1  -2   6
   0   0   1   0  -2   2   0   5   2   0  -8
   0   0   0   1   1  -2  -1  -2  -2   3   3
4 11  M:116 11 N:9 7 H:3,95 [-184]
   1   0   0   3  -3  -3   0   0   3  -5  -5
   0   1   1   2  -2  -2   2   2   1  -3  -3
   0   0   2   0   2  -3   3   0  -1  -5   3
   0   0   0   4  -3  -3   1   1   4  -4  -4
4 5  M:130 5 N:9 5 H:3,99 [-192]
   1   1   1   1 -17
   0   2   2   2 -16
   0   0   6   0 -18
   0   0   0   3  -6
4 5  M:106 5 N:10 5 H:3,99 [-192]
   1   0   0   0  -5
   0   1   1   1  -4
   0   0   5   5 -10
   0   0   0  10 -10
4 8  M:120 8 N:9 6 H:3,99 [-192]
   1   0   0   0  -1  -1  -1  -1
   0   1   1   1   0   0   0  -6
   0   0   4   0  -2   4  -2  -8
   0   0   0   4  -2  -2   4  -8
4 7  M:130 7 N:9 6 H:3,99 [-192]
   1   0   1   3  -9  -5   7
   0   1   0   4  -2  -6   0
   0   0   2   0  -6   2   8
   0   0   0   6  -6  -6   6
4 7  M:130 7 N:9 6 H:3,99 [-192]
   1   1   1   1   1  -5  -5
   0   2   2   0   0  -1  -6
   0   0   6   0   6  -6  -6
   0   0   0   2   2  -3   2
4 6  M:130 6 N:9 6 H:3,99 [-192]
   1   1   1   1  -5 -11
   0   2   2   2  -4 -10
   0   0   3   0   0  -6
   0   0   0   6  -6  -6
4 6  M:106 6 N:10 6 H:3,99 [-192]
   1   0   0   0   0  -5
   0   1   1   1   1  -4
   0   0   5   0   5 -10
   0   0   0   5   5 -10
4 8  M:126 8 N:8 6 H:3,99 [-192]
   1   0   0   0  -2   3  -2  -2
   0   1   0   0   3  -2  -2  -2
   0   0   1   1  -2  -2   3   3
   0   0   0   2  -2  -2   8  -2
4 7  M:132 7 N:9 6 H:3,99 [-192]
   1   1   0   0   3 -15  15
   0   2   0   0   8 -30  50
   0   0   1   0  -2   6 -14
   0   0   0   1  -2  10 -20
4 7  M:129 7 N:9 6 H:3,99 [-192]
   1   1   1   1  -7   1  -7
   0   2   2   2  -6   2  -6
   0   0   6   0  -6   2  -8
   0   0   0   4  -4   4  -4
4 8  M:122 8 N:9 6 H:3,99 [-192]
   1   0   0   0  -6   5   0 -10
   0   1   0   1   7 -10   0  10
   0   0   1   0  -6   6   1  -9
   0   0   0   3  -3   0   5  -5
4 6  M:130 6 N:9 7 H:3,99 [-192]
    1    0    3    3   -9   -3
    0    1    4    4   -8   -2
    0    0    6    0   -6    0
    0    0    0    6   -6    0
4 10  M:122 10 N:9 7 H:3,99 [-192]
   1   0   0   0   0  -1  -1  -1  -1  -1
   0   1   1   1   1   1   1   1   1  -4
   0   0   3   0   3  -1   4  -1   4  -6
   0   0   0   3   3  -1  -1   4   4  -6
4 9  M:120 9 N:9 7 H:3,99 [-192]
   1   0   0   0   0  -1  -1  -1  -1
   0   1   1   1  -3   1   1  -5   1
   0   0   4   0  -4  -1   5  -7  -1
   0   0   0   4  -4   0   0  -6   6
4 8  M:130 8 N:9 7 H:3,99 [-192]
   1   0   3   1   3  -9 -11   1
   0   1   4   2   4  -8 -10   2
   0   0   6   4   0  -6  -8  -2
   0   0   0   0   6  -6  -6   6
4 11  M:123 11 N:8 7 H:3,99 [-192]
   1   0   0   0   3  -1  -1   4  -2  -2  -2
   0   1   0   0  -1   3  -1  -2  -2   4  -2
   0   0   1   0  -1  -1   3  -2   4  -2  -2
   0   0   0   1  -1  -1  -1  -1  -1  -1   5
4 10  M:126 10 N:8 7 H:3,99 [-192]
   1   0   0   0   0   3  -2  -2  -2  -2
   0   1   0   0  -1   0  -5   0   0   5
   0   0   1   0   1  -2   3   3  -2  -2
   0   0   0   1   1  -2   3  -2   3  -2
4 9  M:131 9 N:9 7 H:3,99 [-192]
   1   1   0   1  -6   1   1  -1  -1
   0   2   0   0  -4  -2   6  -4   6
   0   0   1   0   3  -2  -2  -2  -2
   0   0   0   2  -4   6  -2   6  -4
4 8  M:131 8 N:9 7 H:3,99 [-192]
   1   0   1   2  -3  -3  -3  -3
   0   1   0   3  -8  -4   4   8
   0   0   2   0   6   2  -6 -10
   0   0   0   4 -12  -4   6  14
4 8  M:132 8 N:9 7 H:3,99 [-192]
   1   0   1   1   1   1  -9   1
   0   1   0   0  -1  -1   4  -6
   0   0   2   0  -1   4  -6   4
   0   0   0   2   4  -1  -6   4
4 7  M:139 7 N:9 6 H:3,103 [-200]
   1   0   1   2   5 -10  -3
   0   1   0   3   0  -1  -8
   0   0   2   0   6  -8   6
   0   0   0   4   4  -4  -4
4 7  M:115 7 N:10 6 H:3,103 [-200]
   1   0   0   0   0  -5  -5
   0   1   1   1   1  -4  -4
   0   0   2   2  -5   2   0
   0   0   0   5   5 -10 -10
4 7  M:136 7 N:9 6 H:3,103 [-200]
   1   1   1   0   1   1 -15
   0   2   0   0  -2   6 -10
   0   0   2   0   6  -2 -10
   0   0   0   1  -2  -2   6
4 9  M:137 9 N:9 7 H:3,103 [-200]
   1   0   1   1  -2   1  -3   1  -7
   0   1   0   0  -1  -4   4  -4   4
   0   0   2   0   4  10 -12   8 -16
   0   0   0   2  -4  -4   6  -2   6
4 11  M:129 11 N:9 7 H:3,103 [-200]
   1   0   0   0   0  -1  -1  -1  -1  -1  -1
   0   1   0   1  -3   2   0   0   2   2  -5
   0   0   1   0   4  -1   1  -4  -6  -1   6
   0   0   0   3   3  -1  -1  -6  -6   4   4
4 10  M:132 10 N:8 7 H:3,103 [-200]
   1   0   0   0  -2   3  -2   3  -2  -2
   0   1   0   0   3  -2   3  -2  -2  -2
   0   0   1   0   0  -2  -2   0   5  -2
   0   0   0   1  -2   0   0  -2  -2   5
4 9  M:136 9 N:9 7 H:3,103 [-200]
   1   1   0   3  -9  -3   5   5 -11
   0   2   0   0  -6   2   6   2  -6
   0   0   1   4  -2  -4   0   4  -4
   0   0   0   6  -6  -4   4   8  -8
4 9  M:138 9 N:9 7 H:3,103 [-200]
   1   0   1   1   1  -5  -6   1   1
   0   1   0   0  -1   2   3  -4  -4
   0   0   2   0   4  -2  -4   4  -4
   0   0   0   2  -1  -4  -4   2  10
4 5  M:119 5 N:10 5 H:3,105 [-204]
   1   0   0   0  -6
   0   1   1   1  -5
   0   0   4   4  -8
   0   0   0  12 -12
4 7  M:127 7 N:10 6 H:3,105 [-204]
   1   0   0   2  -3  -3  -3
   0   1   1   3  -2  -2  -2
   0   0   4   0   4  -3 -10
   0   0   0   4  -3  -3   4
4 7  M:117 7 N:10 6 H:3,105 [-204]
   1   1   1   1  -2  -2  -2
   0   2   2   2  -1  -1  -1
   0   0   4   0   4  -3  -3
   0   0   0   4  -3   4  -3
4 7  M:135 7 N:8 6 H:3,105 [-204]
   1   1   1   1  -3  -3  -3
   0   2   0   0  -4   4  -4
   0   0   2   0  -4  -4   4
   0   0   0   2  -2  -2  -2
4 7  M:108 7 N:10 6 H:3,105 [-204]
   1   1   1   1  -2  -2  -2
   0   2   0   0  -3  -3   5
   0   0   2   0   5  -3  -3
   0   0   0   2  -3   5  -3
4 7  M:137 7 N:8 6 H:3,105 [-204]
   1   0   0   0   2  -4  -4
   0   1   1   1  -5   1   1
   0   0   2   0  -4  -4   8
   0   0   0   2  -2  -2  -2
4 11  M:136 11 N:9 7 H:3,105 [-204]
   1   0   0   0   0  -1  -1  -1  -1  -1  -1
   0   1   1   0   0   2   2   2  -1  -1  -8
   0   0   3   0   4  -1   3  -3  -1   6  -8
   0   0   0   1   1  -1  -1  -3   2   2   2
4 10  M:135 10 N:8 7 H:3,105 [-204]
   1   0   0   0   1   1   1  -2  -2  -2
   0   1   1   1  -2  -2  -2   1   1   1
   0   0   2   0  -2   0  -2  -2   6  -2
   0   0   0   2  -2  -2   0   6  -2  -2
4 10  M:135 10 N:8 7 H:3,105 [-204]
   1   0   0   0   1   1   1  -2  -2  -2
   0   1   0   0   2  -2  -2  -2  -2   5
   0   0   1   0  -2   2  -2  -2   5  -2
   0   0   0   1  -2  -2   2   5  -2  -2
4 10  M:129 10 N:9 7 H:3,105 [-204]
   1   1   1   1  -1  -1  -1  -2  -2  -2
   0   2   0   0  -2  -2   3  -3  -3   5
   0   0   2   0   3  -2  -2  -3   5  -3
   0   0   0   2  -2   3  -2   5  -3  -3
4 10  M:132 10 N:9 7 H:3,105 [-204]
   1   0   0   0  -1  -1  -1  -1  -1  -1
   0   1   1   1  -2  -2  -2   1   1   1
   0   0   4   0  -4   0  -4  -1   6  -1
   0   0   0   4  -4  -4   0   6  -1  -1
4 9  M:134 9 N:9 7 H:3,105 [-204]
   1   0   0   0  -2  -2   2  -4  -4
   0   1   0   0  -2   5  -4   8  -4
   0   0   1   0   5  -2  -4  -4   8
   0   0   0   1  -2  -2   3  -3  -3
4 9  M:138 9 N:8 6 H:3,107 [-208]
   1   0   0   0   0  -4  -4   1   5
   0   1   0   1  -4   5   0   0  -4
   0   0   1   0   5  -4   1  -4   0
   0   0   0   2   2  -2  -2  -2   2
4 7  M:124 7 N:10 6 H:3,107 [-208]
   1   0   0   0   0  -5  -5
   0   1   1   1   1  -4  -4
   0   0   5   0   5 -10 -10
   0   0   0   4   4  -6 -10
4 11  M:136 11 N:9 7 H:3,107 [-208]
   1   0   0   0   0  -1  -1  -1  -1  -1  -1
   0   1   1   1   1   1   1   1   1  -4  -4
   0   0   3   0   3   4  -1   4  -1  -6  -6
   0   0   0   2   2   3  -1  -1   3  -2  -6
4 9  M:141 9 N:9 7 H:3,107 [-208]
   1   1   1   1  -5  -5  -1  -1   1
   0   2   0   6  -6  -4  -2   4   0
   0   0   2   8  -8  -6   0   6  -2
   0   0   0  12 -10  -6  -2  10  -4
4 7  M:133 7 N:10 6 H:3,111 [-216]
   1   0   0   0  -3  -3  -3
   0   1   1   1  -2  -2  -2
   0   0   6   0  -6   0  -6
   0   0   0   6   0  -6  -6
4 7  M:147 7 N:9 6 H:3,111 [-216]
   1   1   1   1   1  -3 -11
   0   2   2   0   0   2  -6
   0   0   4   0  -6   8   0
   0   0   0   2   2  -4  -4
4 7  M:148 7 N:9 6 H:3,111 [-216]
   1   1   0   1  -3  -5  -5
   0   2   0   2   2   0 -10
   0   0   1   0  -4  -4   6
   0   0   0   4  -8 -10  10
4 7  M:133 7 N:10 6 H:3,111 [-216]
   1   0   0   0   0  -5  -5
   0   1   0   0   6 -10  -4
   0   0   1   1  -5   6   0
   0   0   0   5   5 -10 -10
4 9  M:144 9 N:8 6 H:3,111 [-216]
   1   0   0   0   0   3  -4  -4   3
   0   1   0   1  -2  -2  -2   5  -2
   0   0   1   0   3   0   3  -4  -4
   0   0   0   2   2   2  -2  -2  -2
4 9  M:144 9 N:8 6 H:3,111 [-216]
   1   0   0   0  -1   0  -6   5  -1
   0   1   0   0  -1   5  -1   0  -6
   0   0   1   0   3 -10   8 -10   8
   0   0   0   1  -1   6  -6   6  -6
4 8  M:144 8 N:8 6 H:3,111 [-216]
   1   0   1   1   1  -2  -2  -2
   0   1   0   0  -6   3   3  -3
   0   0   2   2  -4   2   2  -4
   0   0   0   6  -6   0   6  -6
4 8  M:144 8 N:8 6 H:3,111 [-216]
   1   0   1   0   0   1  -6   1
   0   1   0   1   1   0   1  -6
   0   0   2   2   2   2  -4  -4
   0   0   0   6   0   6  -6  -6
4 7  M:130 7 N:10 6 H:3,111 [-216]
   1   0   0   3  -4  -4   3
   0   1   1   4  -3  -3   4
   0   0   3   0   3  -4  -4
   0   0   0   6  -4  -4  10
4 7  M:133 7 N:10 6 H:3,111 [-216]
   1   0   0   1   1  -6   1
   0   1   1   0   0   1  -6
   0   0   6   0   6  -6  -6
   0   0   0   2   2  -6   8
4 9  M:148 9 N:9 7 H:3,111 [-216]
   1   1   1   0   5   5  -3  -3 -15
   0   2   0   0   6   4   2  -4 -10
   0   0   2   0   4   6  -4   2 -10
   0   0   0   1  -4  -4   0   0   6
4 11  M:142 11 N:9 7 H:3,111 [-216]
   1   0   0   0   0  -1  -1  -1  -1  -1  -1
   0   1   1   1   1   1   1  -2   1   1  -6
   0   0   2   0   4   2  -1  -4   6  -1  -8
   0   0   0   2   2  -1  -1  -4   3   3  -4
4 8  M:147 8 N:9 7 H:3,111 [-216]
   1   1   1   1  -1  -1  -5  -5
   0   2   2   2   0   0  -4  -4
   0   0   4   0   4  -2   0  -6
   0   0   0   4  -2  -2  -2  -2
4 9  M:147 9 N:9 7 H:3,111 [-216]
   1   1   1   1   1  -1  -1  -3  -7
   0   2   2   0   0  -2  -2   2  -2
   0   0   4   0   6  -2   4  -4  -8
   0   0   0   2   2   2   2  -4  -4
4 10  M:143 10 N:9 7 H:3,111 [-216]
   1   0   0   0  -1  -1  -1  -1  -1  -1
   0   1   1   1   1   1   1  -2  -2  -2
   0   0   3   0   5  -1  -1  -4  -4   2
   0   0   0   3  -1   5  -1  -4   2  -4
4 8  M:147 8 N:9 7 H:3,111 [-216]
   1   1   1   1  -3  -5   1  -5
   0   2   0   2   2   0   0  -6
   0   0   2   0  -4  -4   2   2
   0   0   0   4  -4  -6   6   0
4 9  M:148 9 N:9 7 H:3,111 [-216]
   1   1   1   0   1   1  -3  -5  -5
   0   2   0   0   4  10 -12 -14  10
   0   0   2   0   0  -4   6   6 -10
   0   0   0   1  -2  -4   4   4  -4
4 10  M:143 10 N:9 7 H:3,111 [-216]
   1   0   0   0  -1  -1  -1  -1  -1  -1
   0   1   1   1   1   1   0   0   1  -6
   0   0   3   0  -1   5  -2   4  -1  -8
   0   0   0   3  -1  -1  -2  -2   5  -2
4 10  M:143 10 N:9 7 H:3,111 [-216]
   1   0   0   0  -1  -1  -1  -1  -1  -1
   0   1   1   1   1   1   1   1  -4  -4
   0   0   3   0  -1   0  -1   5  -6   0
   0   0   0   3   0  -1   5  -1   0  -6
4 6  M:153 6 N:9 6 H:3,115 [-224]
   1   1   1   1  -7  -7
   0   2   2   2  -6  -6
   0   0   4   0   0  -8
   0   0   0   4  -4  -4
4 7  M:142 7 N:10 6 H:3,115 [-224]
   1   0   0   0   0  -5  -5
   0   1   1   1   1  -4  -4
   0   0   5   0   5 -10 -10
   0   0   0   3   3  -2 -10
4 7  M:153 7 N:9 6 H:3,115 [-224]
   1   1   1   1  -7  -7   1
   0   2   2   2  -6  -6   2
   0   0   4   0   0  -4  -4
   0   0   0   4  -4  -4   4
4 9  M:153 9 N:9 7 H:3,115 [-224]
   1   1   1   1  -3  -3  -3  -3   1
   0   2   2   2  -2  -2  -2  -2   2
   0   0   4   0   0  -4   0  -4   4
   0   0   0   4  -4   0   0   4  -4
4 9  M:153 9 N:9 7 H:3,115 [-224]
   1   1   1   1   1  -3  -3  -3  -3
   0   2   2   0   0  -4   2  -4   2
   0   0   4   0   4   0   0  -4  -4
   0   0   0   2   2   2  -4   2  -4
4 11  M:150 11 N:9 7 H:3,115 [-224]
   1   0   0   0   0  -1  -1  -1  -1  -1  -1
   0   1   1   0   0  -1  -1   2   2  -6   2
   0   0   3   0   3  -1   4  -1   4  -6  -6
   0   0   0   1   1   2   2  -1  -1   2  -6
4 9  M:154 9 N:9 7 H:3,115 [-224]
   1   1   1   1   0  -1  -1  -5  -5
   0   2   0   0  -1  -2   4  -6   4
   0   0   2   0   3  -2  -2  -2  -2
   0   0   0   2  -1   4  -2   4  -6
4 8  M:153 8 N:9 7 H:3,115 [-224]
   1   1   1  -3   1  -3  -3  -3
   0   2   2  -2   2  -2  -2  -2
   0   0   4  -4   0   0  -4   4
   0   0   0   0   4  -4   4  -4
4 8  M:155 8 N:9 7 H:3,115 [-224]
   1   0   1   1  -3  -6   1   1
   0   1   0   0   0   3  -4  -4
   0   0   2   0   2  -4   6  -4
   0   0   0   2  -4  -4   0  10
4 9  M:154 9 N:9 7 H:3,115 [-224]
   1   0   1   1   1  -3  -3  -3  -3
   0   1   0   0  -2  -2   4   4  -6
   0   0   2   0   6   6 -12 -16  14
   0   0   0   2  -2  -6   6  10 -10
4 6  M:151 6 N:10 6 H:3,119 [-232]
   1   0   0   0  -5  -5
   0   1   1   1  -4  -4
   0   0   5   0 -10   0
   0   0   0   5   0 -10
4 9  M:159 9 N:9 7 H:3,119 [-232]
   1   1   1   1   1  -3  -3  -3  -3
   0   2   0   0  -4   4   6  -8   0
   0   0   2   0   4  -2  -4   4  -4
   0   0   0   2   2  -4  -4   2   2
4 9  M:159 9 N:9 7 H:3,119 [-232]
   1   1   1   1  -1  -1  -3  -3  -3
   0   2   0   0   4  -2  -4   4  -4
   0   0   2   0  -2   4   4  -4  -4
   0   0   0   2  -2  -2  -2  -2   6
4 9  M:157 9 N:9 7 H:3,119 [-232]
   1   0   0   0  -1  -1  -1  -1  -1
   0   1   1   1   1   1   1  -4  -4
   0   0   2   0  -1  -1   4  -6   4
   0   0   0   2  -1   4  -1   4  -6
4 7  M:165 7 N:9 6 H:3,123 [-240]
   1   1   1   1  -3  -3  -3
   0   2   0   0   2  -4  -4
   0   0   2   2  -4   2   2
   0   0   0   4  -4  -4   8
4 9  M:162 9 N:8 6 H:3,123 [-240]
   1   0   0   0   0   1  -4  -4   5
   0   1   0   1   0   0  -4   5  -4
   0   0   1   0   1   0   5  -4  -4
   0   0   0   2   2   2  -2  -2  -2
4 9  M:164 9 N:9 6 H:3,123 [-240]
   1   0   0   0  -2   0  -2   5  -7
   0   1   1   0   2   0   2 -10   2
   0   0   3   0  -2   5   3   0 -12
   0   0   0   1  -1   1  -1   6  -6
4 7  M:148 7 N:10 6 H:3,123 [-240]
   1   0   0   1  -4  -4   5
   0   1   0   0  -4   5  -4
   0   0   1   0   5  -4  -4
   0   0   0   2  -4  -4  14
4 7  M:156 7 N:10 6 H:3,123 [-240]
   1   0   0   0  -3  -3  -3
   0   1   1   1  -2  -2  -2
   0   0   5   0   2  -6  -6
   0   0   0   5  -6   2  -6
4 7  M:160 7 N:10 6 H:3,123 [-240]
   1   0   0   0   0  -5  -5
   0   1   1   1   1  -4  -4
   0   0   5   0   5 -10 -10
   0   0   0   2   2   2 -10
4 9  M:165 9 N:9 7 H:3,123 [-240]
   1   1   1   1   1  -3  -3  -3  -3
   0   2   0   0  -2   0  -6   0   6
   0   0   2   0   2   2   2  -4  -4
   0   0   0   2   2  -4   2   2  -4
4 11  M:160 11 N:9 7 H:3,123 [-240]
   1   0   0   0   0   1  -2  -2  -4  -4   5
   0   1   0   0  -1  -2   5   0  -1   8 -10
   0   0   1   0   1   0  -2   3   5  -4  -4
   0   0   0   1   1   2  -2  -2  -3  -3   6
4 10  M:162 10 N:9 7 H:3,123 [-240]
   1   0   0   0  -1  -1  -1  -1  -1  -1
   0   1   1   1   1   1   1  -2  -2  -2
   0   0   2   0   4  -1  -1  -4  -4   4
   0   0   0   2  -1   4  -1  -4   4  -4
4 8  M:171 8 N:9 7 H:3,127 [-248]
   1   1   1   1  -3  -3  -3  -3
   0   2   0   0   2   2  -4  -4
   0   0   2   0  -4   0  -4   6
   0   0   0   2   0  -4   6  -4
4 7  M:177 7 N:9 6 H:3,131 [-256]
   1   1   1   1  -7  -7   1
   0   2   0   0  -8  -2   6
   0   0   2   2   2  -4  -4
   0   0   0   4  -4  -4   4
4 7  M:177 7 N:9 6 H:3,131 [-256]
   1   1   1   1   1  -7  -7
   0   2   0   0   2  -8   2
   0   0   2   2   0   2  -8
   0   0   0   4   4  -4  -4
4 7  M:178 7 N:9 6 H:3,131 [-256]
   1   1   1   1   0  -7  -7
   0   2   0   0  -1  -8   6
   0   0   2   0  -1   6  -8
   0   0   0   2   3  -4  -4
4 7  M:178 7 N:10 6 H:3,131 [-256]
   1   0   0   0   0  -5  -5
   0   1   1   0   0 -10   6
   0   0   5   0   5 -10 -10
   0   0   0   1   1   6 -10
4 9  M:178 9 N:9 7 H:3,131 [-256]
   1   0   1   1  -3  -5  -5   1   1
   0   1   0   0   2   2   2  -4  -4
   0   0   2   0  -2  -2  -4  10  -4
   0   0   0   2  -2  -4  -2  -4  10
4 7  M:186 7 N:10 6 H:3,141 [-276]
   1   0   0   0  -3  -3  -3
   0   1   1   1  -2  -2  -2
   0   0   4   0   4  -6  -6
   0   0   0   4  -6   4  -6
4 10  M:189 10 N:9 7 H:3,141 [-276]
   1   0   0   0  -1  -1  -1  -1  -1  -1
   0   1   0   0  -1  -1   3   6  -4  -4
   0   0   1   0   3  -1  -1  -4  -4   6
   0   0   0   1  -1   3  -1  -4   6  -4
4 5  M:225 5 N:8 5 H:3,165 [-324]
   1   1   1   1 -11
   0   2   2   2 -10
   0   0   4   4  -8
   0   0   0  12 -12
4 5  M:131 5 N:12 5 H:3,165 [-324]
   1   0   2   2 -10
   0   1   3   3  -9
   0   0   4   4  -8
   0   0   0  12 -12
4 8  M:224 8 N:9 6 H:3,165 [-324]
   1   0   0   0  -3   3   3  -9
   0   1   0   0   3  -6  -6   6
   0   0   1   1  -2   4   4  -8
   0   0   0   3  -3   0  12 -12
4 7  M:223 7 N:10 6 H:3,165 [-324]
   1   0   0   0  -3  -3  -3
   0   1   1   1  -2  -2  -2
   0   0   3   0   6  -6  -6
   0   0   0   3  -6   6  -6
4 8  M:214 8 N:10 6 H:3,165 [-324]
   1   0   0   0   0  -2  -2  -2
   0   1   1   1  -5  -9   3   3
   0   0   2   2  -4  -8   4   4
   0   0   0   6  -6 -12  12   0
4 8  M:186 8 N:11 6 H:3,165 [-324]
   1   0   2   2  -7   2   2 -10
   0   1   2   2  -7   3   3  -9
   0   0   3   3  -6   4   4  -8
   0   0   0   9  -9   0  12 -12
4 7  M:267 7 N:10 6 H:3,195 [-384]
   1   0   0   0  -3  -3  -3
   0   1   1   1  -2  -2  -2
   0   0   2   0   8  -6  -6
   0   0   0   2  -6   8  -6
4 7  M:316 7 N:11 6 H:3,231 [-456]
   1   0   1   1   1   1 -15
   0   1   0   0  -2  -2  -2
   0   0   2   2   4   4 -12
   0   0   0   6  14  -2 -18
4 7  M:318 7 N:10 6 H:3,231 [-456]
   1   0   0   0  -3  -3  -3
   0   1   0   0  -6  -6  10
   0   0   1   0  10  -6  -6
   0   0   0   1  -6  10  -6
4 5  M:335 5 N:11 5 H:3,243 [-480]
   1   0   3   3 -21
   0   1   4   4 -20
   0   0   6   6 -18
   0   0   0  12 -12
4 6  M:335 6 N:11 6 H:3,243 [-480]
   1   0   3   3  -9  -9
   0   1   4   4  -8  -8
   0   0   6   6  -6  -6
   0   0   0  12   0 -12
4 6  M:335 6 N:11 6 H:3,243 [-480]
   1   0   3   3  -9  -9
   0   1   4   4  -8  -8
   0   0   6   0   6 -12
   0   0   0   6 -12   6
#NF: 244
  done (0s)
</pre></body>
