<head><title>SEARCH RESULTS</title></head>
<body><pre><b>Search command:</b>
class.x -di x -He EH5:53MVNFL1000

<b>Result:</b>
4 5  M:51 5 N:11 5 H:5,53 [-96]
   1   0   1   1  -8
   0   1   0   0  -3
   0   0   3   3 -12
   0   0   0   6 -12
4 5  M:61 5 N:9 5 H:5,53 [-96]
   1   0   0   4  -8
   0   1   1   9 -15
   0   0   2   0  -6
   0   0   0  12 -12
4 9  M:60 9 N:10 6 H:5,53 [-96]
   1   1   1   1   0  -1  -1  -2  -4
   0   3   0   1   0  -1  -4   0  -4
   0   0   2   2   0   2   2  -6  -4
   0   0   0   0   1  -2  -2   3   1
4 9  M:59 9 N:10 6 H:5,53 [-96]
   1   1   1   0   0   0  -2  -2  -2
   0   2   0   0   4   0  -4  -6  -6
   0   0   2   0   0   4  -6  -6  -4
   0   0   0   1   1   1  -3  -3  -3
4 9  M:60 9 N:10 6 H:5,53 [-96]
   1   1   1   0   0   0  -3  -3  -3
   0   3   0   0   4   0  -5  -6  -6
   0   0   3   0   0   4  -6  -6  -5
   0   0   0   1   1   1  -2  -2  -2
4 8  M:55 8 N:10 6 H:5,53 [-96]
   1   0   0   0  -1   1   1  -5
   0   1   0   0   2  -3  -3   6
   0   0   1   1  -1   3   3  -9
   0   0   0   2  -1   0   6  -9
4 6  M:51 6 N:11 6 H:5,53 [-96]
   1   0   0   0   0  -3
   0   1   1   1  -5   4
   0   0   3   0  -6   3
   0   0   0   3  -3   0
4 6  M:61 6 N:9 6 H:5,53 [-96]
   1   0   0   1  -3  -3
   0   1   1   0   4  -8
   0   0   3   0   6 -12
   0   0   0   2   0  -6
4 9  M:53 9 N:10 6 H:5,53 [-96]
   1   0   0   0  -5  -5   9  10   9
   0   1   0   0   5   0  -5  -6  -6
   0   0   1   0   0   5  -6  -6  -5
   0   0   0   1   1   1  -3  -3  -3
4 8  M:58 8 N:10 6 H:5,53 [-96]
   1   0   1   1  -1  -3   0   0
   0   1   0   0  -2  -2   1   1
   0   0   2   2  -4  -6   3   3
   0   0   0   4  -4  -6   6   0
4 9  M:62 9 N:10 6 H:5,53 [-96]
   1   0   0   0  -1   0  -3   2  -1
   0   1   0   1  -2   5  -4   3  -6
   0   0   1   0   2  -4   2  -4   2
   0   0   0   2  -2   6  -6   6  -6
4 6  M:51 6 N:11 6 H:5,53 [-96]
   1   0   0   0   0  -3
   0   1   1   1  -5   4
   0   0   3   0  -6   6
   0   0   0   3  -3   0
4 9  M:58 9 N:10 6 H:5,53 [-96]
   1   1   0   0   2   2   0   0  -6
   0   2   0   0   2   6  -4   6 -12
   0   0   1   0  -2  -2   0  -2   4
   0   0   0   1  -1  -1   1  -3   3
4 7  M:51 7 N:11 6 H:5,53 [-96]
   1   0   0   0   0  -2  -2
   0   1   1   1   1  -3  -3
   0   0   4   0   4  -6  -6
   0   0   0   3   3  -3  -6
4 6  M:62 6 N:10 6 H:5,53 [-96]
   1   0   0   3  -3  -6
   0   1   1   4  -8  -5
   0   0   2   2  -4  -4
   0   0   0   6  -6  -6
4 7  M:55 7 N:11 6 H:5,53 [-96]
   1   0   0   0   0  -2  -2
   0   1   1   1   1  -3  -3
   0   0   4   0   4  -6  -6
   0   0   0   2   2   0  -6
4 6  M:55 6 N:11 6 H:5,53 [-96]
   1   0   0   0  -2  -2
   0   1   1   1  -3  -3
   0   0   4   0  -6   0
   0   0   0   4   0  -6
4 7  M:51 7 N:11 6 H:5,53 [-96]
   1   0   0   0   0  -2  -2
   0   1   0   0   5  -6  -3
   0   0   1   1  -4   3   0
   0   0   0   4   4  -6  -6
4 8  M:62 8 N:10 6 H:5,53 [-96]
   1   0   0   3  -3  -1   2  -4
   0   1   1   4  -8   2   5  -7
   0   0   2   2  -4   2   2  -4
   0   0   0   6  -6   0   6  -6
4 7  M:59 7 N:11 6 H:5,53 [-96]
   1   0   0   0   0  -2  -2
   0   1   1   0   0  -6   3
   0   0   4   0   4  -6  -6
   0   0   0   1   1   3  -6
4 7  M:67 7 N:11 6 H:5,53 [-96]
   1   0   3   2  -9   3 -10
   0   1   4   3  -8   4  -9
   0   0   6   0  -6   2  -8
   0   0   0   4  -4   4  -4
4 6  M:51 6 N:11 6 H:5,53 [-96]
   1   1   1   1   0  -8
   0   3   0   3   0 -12
   0   0   3   3   0 -12
   0   0   0   0   1  -3
4 10  M:64 10 N:10 7 H:5,53 [-96]
   1   1   1   0   0   0   0  -1  -1  -5
   0   3   0   0  -3   1  -3   0  -4   0
   0   0   3   0   3   0   4  -1   3  -9
   0   0   0   1   1   1   1   1   1  -3
4 12  M:58 12 N:10 7 H:5,53 [-96]
   1   0   0   1   0  -1  -1   0  -4   3  -5   4
   0   1   0   1   0  -1  -2   1  -1   0  -2   1
   0   0   1  -1   0   3   4  -2   6  -6   8 -10
   0   0   0   0   1  -1  -2   2  -4   4  -6   6
4 11  M:60 11 N:10 7 H:5,53 [-96]
   1   1   1   1  -2   1  -3  -3   1   0  -4
   0   3   0   3  -3   1  -4  -3   0  -1  -5
   0   0   2   2  -3   0   0   0   0  -1  -1
   0   0   0   0   0   2  -2  -2   2   2  -2
4 9  M:62 9 N:10 7 H:5,53 [-96]
   1   0   0   1  -1   1  -3   0  -3
   0   1   1   0  -2   0  -2   1   1
   0   0   3   0  -4   4  -6   6   3
   0   0   0   2   0  -2   0  -3  -3
4 9  M:68 9 N:11 7 H:5,53 [-96]
   1   0   1   5   7   3   6   0 -15
   0   1   0   2   2   0   2  -1  -4
   0   0   2   4   6   4   5   2 -10
   0   0   0   6   8   2   8  -1 -10
4 9  M:59 9 N:11 7 H:5,53 [-96]
   1   0   0   2  -2  -2   1  -2  -2
   0   1   1   2  -1  -1   0  -3  -3
   0   0   3   0  -2   3  -3  -3  -6
   0   0   0   3  -2  -2   3   0   0
4 9  M:51 9 N:11 7 H:5,53 [-96]
   1   0   0   1  -4   1   2   3   3
   0   1   0   0   5  -5  -1  -2  -3
   0   0   1   0   0   0  -2  -2  -2
   0   0   0   2   2  -3  -2  -2  -3
4 10  M:55 10 N:10 7 H:5,53 [-96]
   1   0   0  -1   0  -3   3   0   0   0
   0   1   0   1   0   3   0   3  -1  -9
   0   0   1   1   0   0  -3  -3   2   6
   0   0   0   0   1   1   1   1  -1  -5
4 12  M:62 12 N:10 7 H:5,53 [-96]
   1   1   0   0   0   0  -3  -3   2  -1   4   3
   0   3   0   3   0   2   0   2  -4  -4  -6  -6
   0   0   1   1   0   0   3   3  -4  -1  -6  -5
   0   0   0   0   1   1   1   1  -1  -1  -3  -3
4 10  M:58 10 N:10 7 H:5,53 [-96]
   1   1   1   1   0   0   0   0  -1  -3
   0   2   0   2   0   3   0   3  -4  -6
   0   0   2   2   0   0  -3  -3   2   0
   0   0   0   0   1   1   1   1  -2  -2
4 12  M:61 12 N:10 7 H:5,53 [-96]
   1   1   0   0   2  -2  -2  -1  -1   0  -2   1
   0   2   0   1   0   1  -2  -2   2   0  -2  -2
   0   0   1   1   2  -1  -1  -2  -2   2   2   2
   0   0   0   0   3  -2  -2  -2  -2   1   1   4
4 10  M:64 10 N:10 7 H:5,53 [-96]
   1   0   0   1   1   0   0  -3  -2  -4
   0   1   1   0   0   1   1  -2  -3  -3
   0   0   3   0   3   0   4  -6  -6  -8
   0   0   0   3   3   1   1  -6  -3  -7
4 9  M:61 9 N:10 7 H:5,53 [-96]
   1   1   0   0   0   1   1  -3  -3
   0   2   0   0  -3   2  -2   0  -3
   0   0   1   1   1   0   0  -2   1
   0   0   0   3   3   2   2  -6   0
4 11  M:62 11 N:10 7 H:5,53 [-96]
   1   1   0   0   0  -3  -3   2   2   0   0
   0   2   0   0   3   0  -3  -2   3  -6  -3
   0   0   1   0   0   2   1  -2  -2  -2  -2
   0   0   0   1   1   2   0  -1  -1  -3  -3
4 10  M:62 10 N:10 7 H:5,53 [-96]
   1   1   1   1   0   0  -1  -1  -1  -1
   0   2   0   2   0   3  -1   2  -4  -4
   0   0   2   2   0   0  -1  -1  -4   2
   0   0   0   0   1   1   1   1  -2  -2
4 12  M:60 12 N:10 7 H:5,53 [-96]
   1   1   1  -1  -1  -1   1   1   1   0   0   0
   0   3   0  -2   1  -2   0   1   0  -1   3  -1
   0   0   3  -2  -2   1   0   0   1  -1  -1   3
   0   0   0   0   0   0   2   2   2  -1  -1  -1
4 11  M:58 11 N:10 7 H:5,53 [-96]
   1   1   0   3   1  -3   3   1  -3  -6   0
   0   2   0   2   0  -2   4   2  -4  -6   0
   0   0   1  -2   0   0  -2   0   0   1   1
   0   0   0   0   2  -2   0   2  -2  -3   3
4 11  M:61 11 N:10 7 H:5,53 [-96]
   1   1   0   0   0  -3   2   2   3   3  -6
   0   2   0   0   2   0   3  -1  -3   3  -3
   0   0   1   0   0   1  -1  -1  -2  -2   1
   0   0   0   1   1   3  -1  -1  -3  -3   3
4 12  M:59 12 N:10 7 H:5,53 [-96]
   1   0   0   0   2   5   1  -6  -4  -6   6   0
   0   1   0   0   0  -2  -2   4   3   3  -3  -3
   0   0   1   0  -1  -2   2   0  -1   1  -3   3
   0   0   0   1  -2  -4   0   3   1   3  -5   1
4 11  M:62 11 N:10 7 H:5,53 [-96]
   1   0   0   0   2  -1  -1   0   0  -1  -3
   0   1   0   0  -3   0   0  -1  -1   0   2
   0   0   1   1   2   0   0   2   2  -4  -4
   0   0   0   3   3  -2   2   5   1  -6  -6
4 12  M:62 12 N:10 7 H:5,53 [-96]
   1   1   0   0   1   1   0   0   0   0  -2  -2
   0   2   0   0  -1   3   2  -2   2  -2  -2  -2
   0   0   1   1  -1  -1  -1  -1  -1  -1   1   1
   0   0   0   2  -1  -1   0   0  -2  -2  -2   4
4 11  M:57 11 N:10 7 H:5,53 [-96]
   1   0   1   0   0   2   2  -1  -1  -3   0
   0   1   0   1   0  -1  -1   2   2   0  -3
   0   0   2   2   0   3  -1   3  -1  -3  -3
   0   0   0   0   1  -1  -1  -1  -1   1   1
4 9  M:55 9 N:10 7 H:5,53 [-96]
   1   0   0   0  -1   2  -1  -1  -1
   0   1   1   0  -1  -1   2   2  -4
   0   0   2   0  -1  -1  -1   5  -4
   0   0   0   1   2  -1  -1  -1   2
4 9  M:58 9 N:10 7 H:5,53 [-96]
   1   0   0   0   3  -1  -1  -3  -3
   0   1   0   0  -1  -1   3  -3   3
   0   0   1   0  -1   3  -1   3  -3
   0   0   0   1  -1  -1  -1   1   1
4 10  M:57 10 N:10 7 H:5,53 [-96]
   1   1   1   0   1   1  -3  -3   1   1
   0   2   0   0  -1   0  -3   0  -1   4
   0   0   2   0   0  -1   0  -3   4  -1
   0   0   0   1  -1  -1   1   1  -1  -1
4 11  M:52 11 N:11 7 H:5,53 [-96]
   1   0   0   2   2   3  -1  -1   3  -3  -3
   0   1   1   2   2   2  -1  -1   1  -2  -2
   0   0   2   0   1   0   1  -3  -1   2  -3
   0   0   0   3   3   4   0   0   4  -3  -3
4 10  M:61 10 N:10 7 H:5,53 [-96]
   1   1   0   0   0   0   2  -2  -2  -2
   0   2   0  -2   0   3   0   4   0  -8
   0   0   1   1   0   0  -1  -1  -1   3
   0   0   0   0   1   1  -2   2   2  -2
4 14  M:61 14 N:10 8 H:5,53 [-96]
   1   0   0   1   1   0   0   1   0  -2  -1  -1  -2  -2
   0   1   1   0  -1   1   0  -3  -2   3   0  -1   0   0
   0   0   2   0  -1   2   1  -3  -1   4  -2  -3   1  -2
   0   0   0   2   0  -2   1   2   1  -4   0   0  -1  -1
4 15  M:62 15 N:10 8 H:5,53 [-96]
   1   0   0   1   0  -1   2  -1   1   0  -3   0   0  -3  -2
   0   1   1   0   0   1  -2   1  -2  -1   1  -2  -2   1   0
   0   0   2  -2   0  -1  -2   3   0   2   1  -2   1  -1  -2
   0   0   0   0   1   1  -1  -1  -2  -2   1   1  -2   3   3
4 14  M:63 14 N:10 8 H:5,53 [-96]
   1   0   0   0   0   1   0   2  -2   0   0  -2  -1  -4
   0   1   1  -1   0  -2  -3   1  -1   3   3  -3   2  -1
   0   0   2  -2   0  -2  -3   2   0   2   4  -2   0   0
   0   0   0   0   1   0   1  -2   2  -2  -2   2  -1   2
4 12  M:62 12 N:10 8 H:5,53 [-96]
   1   0   1   0  -1   2   0   0  -1  -1  -1  -4
   0   1   0   0   2  -1   0   1   2  -1  -4  -1
   0   0   2   0  -1   2   1   2   2  -1  -4  -4
   0   0   0   1  -1  -1   1   0  -1   2   2   2
4 12  M:61 12 N:10 8 H:5,53 [-96]
   1   1   0   0   0   1   1   1   1   0   0  -3
   0   2   0   0   3   0   3   2  -1  -3   0  -6
   0   0   1   1   1   0   0  -1  -1  -2  -2  -2
   0   0   0   3   3   1   1  -1  -1  -3  -3  -6
4 12  M:58 12 N:10 8 H:5,53 [-96]
   1   1   0   0   0   0   2   2  -1  -1  -1  -4
   0   2   0   2   0   1  -1   2  -1   2  -1  -4
   0   0   1   1   0   0  -1  -1  -1   2   2  -1
   0   0   0   0   1   1  -1  -1   2  -1  -1   2
4 12  M:65 12 N:10 8 H:5,53 [-96]
   1   0   0   1   3  -3   2   0   2   3  -6   0
   0   1   0   0  -3   3  -1   1  -1  -3   3  -3
   0   0   1   0  -2   1  -1   0  -1  -2   1  -2
   0   0   0   2   0   0  -1   2   3   3  -3   0
4 11  M:62 11 N:10 8 H:5,53 [-96]
   1   1   0  -3   1   3   3  -3  -3  -6  -6
   0   2   0  -3   0   2   4  -4   0  -3  -6
   0   0   1   1   0  -2  -2   0   0   1   1
   0   0   0   0   2   0   0  -2  -2  -3  -3
4 16  M:59 16 N:10 8 H:5,53 [-96]
   1   0   1   0   0   0   2  -1   2  -1   0   1  -1  -1  -3  -4
   0   1   0   0   0   1  -1   2  -1  -1   1  -2  -2   2  -2  -1
   0   0   2   0   1  -1   1  -1   2  -1   2   0  -2   2  -4  -4
   0   0   0   1   1  -1  -1  -1  -1   2   0   0   2  -1   2   2
4 12  M:60 12 N:10 8 H:5,53 [-96]
   1   1   0   0   0   0  -1   1   1  -1  -3  -3
   0   2   0   3   0   1  -1   0   4  -4  -4  -3
   0   0   1   1   1   1   1   0   0  -2   0   1
   0   0   0   0   2   2   3  -2  -2   0   2   3
4 13  M:61 13 N:10 8 H:5,53 [-96]
   1   1   1   0   0   1   1   0   1  -2  -2  -1  -1
   0   2   0   0   2  -2   0  -2  -2  -2   2  -2   2
   0   0   2   0   0   0   0   2   2  -2  -2  -2  -2
   0   0   0   1   1  -2  -2  -1  -2   1   1   0   0
4 12  M:61 12 N:10 8 H:5,53 [-96]
   1   0   1   0  -2   2  -2  -3  -4   2  -4   4
   0   1   0   0   0  -1   0   2   2  -1   2  -3
   0   0   2   0   2  -2  -1   0   0  -4  -1  -4
   0   0   0   1   3  -2   0   2   3  -4   2  -6
4 14  M:61 14 N:10 8 H:5,53 [-96]
   1   0   0   2   1   0   1   2   2  -2  -2  -4  -2  -4
   0   1   0  -1   0   1   0  -1  -2   0   2   2   0   2
   0   0   1  -2   0   0  -1  -2  -3   3   1   3  -1   1
   0   0   0   0   2   1   1  -2  -2   2   0   0  -2  -2
4 14  M:58 14 N:10 8 H:5,53 [-96]
   1   1   1   1  -1  -1  -1  -1   0   0   0   0   1  -1
   0   2   0   2  -2   0  -2   0   0   3   0   3  -2  -4
   0   0   2   2  -2  -2   0   0   0   0   3   3  -2  -4
   0   0   0   0   0   0   0   0   1   1   1   1  -2  -2
4 14  M:61 14 N:10 8 H:5,53 [-96]
   1   0   1   0   2   1   0  -2  -1  -2  -1   1  -1  -2
   0   1   0   0  -2  -2   1   3   2   0  -2  -2   2   3
   0   0   2   0   2   0   1  -2  -2  -2  -2   2   2   1
   0   0   0   1   1   2   0  -2  -2   1   2   0  -2  -2
4 12  M:60 12 N:10 8 H:5,53 [-96]
   1   1   1  -1  -1   1   0   0  -2  -2   1   1
   0   2   0   0   2  -2   0   3   0   3  -2  -6
   0   0   2  -2  -2   2   0   0  -2  -2   0   4
   0   0   0   0   0   0   1   1   1   1  -2  -2
4 12  M:61 12 N:10 8 H:5,53 [-96]
   1   1   0   0   1   1   1   1   1  -3  -3  -2
   0   2   0   3   0  -3  -2   2   0   0  -2  -3
   0   0   1   1   1   1   2   2  -2  -2  -2  -2
   0   0   0   0   2   2   2   2  -1  -3  -2  -1
4 11  M:61 11 N:10 8 H:5,53 [-96]
   1   1   1   0  -3  -1   3  -1  -1  -3  -3
   0   2   0   0  -3  -2   4  -2   2  -3   0
   0   0   2   0  -3  -2   2   2  -2   0  -3
   0   0   0   1   1   0  -2   0   0   1   1
4 13  M:63 13 N:10 8 H:5,53 [-96]
   1   1   0   0  -1   0   2   2   1   0   2  -3  -3
   0   2   0   0   0   3   0   1  -2   3  -1  -6  -6
   0   0   1   0   2   1  -2  -2  -2   0  -3  -2  -3
   0   0   0   1  -2   0   1   1   0   1   1   0   1
4 12  M:61 12 N:10 8 H:5,53 [-96]
   1   0   0   0   3   3  -3  -3   3   1  -3  -3
   0   1   0   0   1   0   0   1   0  -1  -3  -3
   0   0   1   0   3   2  -2  -3   4  -1  -3  -2
   0   0   0   1  -6  -4   3   3  -6   1   7   6
4 12  M:60 12 N:10 8 H:5,53 [-96]
   1   1   1   1  -2  -2   1   1  -3  -3   0  -4
   0   3   0   3  -3  -3   0   1  -4  -3  -1  -5
   0   0   2   2  -1  -3   0   0  -2  -2  -1  -3
   0   0   0   0   0   0   2   2  -2  -2   2  -2
4 17  M:61 17 N:10 8 H:5,53 [-96]
   1   1   0   0   0   1   1   1   1   1   1  -1   0   0  -2  -2  -2
   0   2   0   0   2   0   1  -1   1  -1   2   0   2  -2  -2  -4  -2
   0   0   1   1   1   0   0  -1  -1  -1  -1   2  -1  -1   1  -1  -1
   0   0   0   2   2  -1  -1  -2  -2  -1  -1   2   0   0   0  -2  -2
4 14  M:58 14 N:10 8 H:5,53 [-96]
   1   0   0  -2   0   3   1   2  -1  -4  -2   3  -4   2
   0   1   0   2   0  -1   1  -1   2   2   0  -3   2  -4
   0   0   1   1   0  -1  -1   0   0   3   1  -3   3  -3
   0   0   0   0   1  -1  -1  -1  -1   0   2   1  -1   2
4 16  M:62 16 N:10 8 H:5,53 [-96]
   1   0   0   0   3   3  -1   2  -2   1   1   2  -2   0  -6  -5
   0   1   0   0   3   2  -2   3   0   0   0   1  -2  -1  -6  -6
   0   0   1   0  -3  -2   0  -2   1  -2   1   0   3   2   3   2
   0   0   0   1  -2  -2   2  -2   0   0  -1  -2   0  -1   4   4
4 12  M:60 12 N:10 8 H:5,53 [-96]
   1   1   0   0   0  -3  -3   3  -1  -1  -3  -3
   0   2   0   0   1   0  -3   0  -2   2  -3   1
   0   0   1   0   1   3   3  -6   2   2   4   4
   0   0   0   1   0  -2  -2   4  -2  -2  -3  -3
4 10  M:62 10 N:10 8 H:5,53 [-96]
   1   1   1   0   0   0   1  -1  -3  -3
   0   2   0   0  -3   0   2   2  -3   0
   0   0   2   0   3   3   2  -4   0  -6
   0   0   0   1   1   1   0  -2   1  -2
4 13  M:60 13 N:10 8 H:5,53 [-96]
   1   0   1  -2   0   1  -2   0  -1  -2  -1   3   0
   0   1   0   3   0  -2   1  -1   0   1   0  -4  -1
   0   0   2   2   0   0   0  -1   2   2   1  -4  -4
   0   0   0   0   1   0   0   1   2   2   2  -2  -2
4 12  M:60 12 N:10 8 H:5,53 [-96]
   1   1   1  -2  -2   1   1  -1   0  -2  -1   1
   0   2   0  -3  -1   2   0   2  -1   1   2   0
   0   0   3  -3  -3   3   0   0  -1  -1   1   1
   0   0   0   0   0   0   2  -2   2  -2  -2   2
4 13  M:60 13 N:10 8 H:5,53 [-96]
   1   0   0  -2   0   3   4   1  -4   7  -2  -8   4
   0   1   0   2   0  -1  -2  -1   2  -4   1   4  -4
   0   0   1   1   0  -2  -3  -1   3  -4   0   3  -1
   0   0   0   0   1  -1  -1   1   0  -2   2   2  -2
4 14  M:61 14 N:10 8 H:5,53 [-96]
   1   1   0   0   0   3   3  -6   1   1   3   3  -5  -5
   0   2   0   0   3  -3   0   0   3  -1  -2   2  -1   0
   0   0   1   0   0  -2  -2   3  -1  -1  -2  -2   2   2
   0   0   0   1   1  -3  -3   4   0   0  -2  -2   3   3
4 16  M:59 16 N:10 8 H:5,53 [-96]
   1   1   1   1   0   0   0   0   1   1   1   1  -3  -3  -3  -3
   0   2   0   2   0   1   0   1  -1   2  -1   2  -3  -2  -3  -2
   0   0   2   2   0   0   1   1  -1  -1   2   2  -3  -3  -2  -2
   0   0   0   0   1   1   1   1  -1  -1  -1  -1   1   1   1   1
4 10  M:68 10 N:11 8 H:5,53 [-96]
   1   1   1   1   1   1   1   0   0  -9
   0   2   0   1   1   2   0   2  -1  -4
   0   0   2   1   1   0   2  -1   2  -4
   0   0   0   3  -2   2   2   1   1  -2
4 12  M:63 12 N:10 8 H:5,53 [-96]
   1   0   0   0  -1   3   0   0  -3   0  -6  -6
   0   1   0   0   0  -1   2   1  -1  -1  -1  -4
   0   0   1   0   1  -1  -1  -2   2   2   2   5
   0   0   0   1   1  -1  -1   0   2  -1   2   2
4 12  M:60 12 N:10 8 H:5,53 [-96]
   1   1   0   0   0   0  -2  -2   2   2   3  -2
   0   2   0  -2   0   3  -2   1   2   3   2  -8
   0   0   1   1   0   0   0   0  -2  -2  -2   3
   0   0   0   0   1   1   1   1  -1  -1  -2  -2
4 16  M:62 16 N:10 8 H:5,53 [-96]
   1   1   1   1   0   0   0   0   0   0   0   0  -1  -1  -3  -3
   0   3   0   3   0   3  -2  -1  -2  -1   0   3  -3  -3  -3  -3
   0   0   2   2   0   0  -1  -1   2   2  -1  -1  -2   1  -4  -3
   0   0   0   0   1   1  -1  -1  -1  -1   1   1  -1  -1   1   1
4 17  M:58 17 N:10 8 H:5,53 [-96]
   1   1   0   0   0   0  -1   2   2  -1  -1  -2   1   1  -2  -1  -2
   0   2   0   2   0   1  -1  -1   2  -1   2   0  -2   0  -2  -2  -2
   0   0   1   1   0   0  -1  -1  -1   2   2   1  -2  -2   1  -2  -1
   0   0   0   0   1   1   2  -1  -1  -1  -1   0   0   0   0   2   2
4 15  M:64 15 N:10 8 H:5,53 [-96]
   1   0   0   0  -3   3   0   3   1  -3   1  -4   0   0  -2
   0   1   0   2  -1   1  -2   0  -2  -2   2  -2   2   0  -2
   0   0   1   2  -1   0  -3   0  -2  -2   2  -1   3   3   1
   0   0   0   3  -3   3  -3   2  -2  -4   4  -4   4   2  -2
4 14  M:60 14 N:10 8 H:5,53 [-96]
   1   1   0   0   1   2   0   0   2  -2  -2  -3  -3   4
   0   2   0   1   0   2  -1   2   0  -3   0   1  -3   0
   0   0   1   1   0  -1   0   0  -1   0   0   1   1  -3
   0   0   0   0   2   1  -1  -1   1  -1  -1  -3  -3   5
4 14  M:66 14 N:10 8 H:5,53 [-96]
   1   1   0   0   0   0   2   2  -2  -2   2  -3   0  -3
   0   3   0   3   0   3  -2  -1  -2  -1  -3  -3  -3  -3
   0   0   1   1   0   0  -2  -2   2   2  -3   2  -3   0
   0   0   0   0   1   1  -1  -1  -1  -1  -1  -1   1   1
4 14  M:65 14 N:10 8 H:5,53 [-96]
   1   0   0   1   1   0   0   2   1  -2  -2  -3  -2  -3
   0   1   0   0  -1   0   1  -1  -1  -1  -1  -1   3   3
   0   0   1   0  -1   1   0  -2  -2   2   2   2  -2  -2
   0   0   0   2  -2   3   2  -2  -3   1   2   1  -2  -3
4 14  M:62 14 N:10 8 H:5,53 [-96]
   1   1   1   1  -1  -1  -1  -1   0   0   0   0   3  -3
   0   2   0   2  -2   0  -2   0   0   3   0   3   0  -6
   0   0   2   2  -2  -2   0   0   0   0   1   1   2  -4
   0   0   0   0   0   0   0   0   1   1   1   1  -2  -2
4 14  M:60 14 N:10 8 H:5,53 [-96]
   1   1   0   0   0   3   0   0   1  -2  -3  -1  -6  -6
   0   2   0   0   1   2   2  -2  -2  -2  -2  -3  -3  -2
   0   0   1   0   0   0  -1   2   2   1  -2   2  -3  -3
   0   0   0   1   1  -2   0  -1  -2   0   2  -1   4   4
4 14  M:61 14 N:10 8 H:5,53 [-96]
   1   1   0   0   1   0   1  -1  -1   1   0  -3   1   0
   0   2   0   0   0  -1   3  -2   0   2   2  -4   3   2
   0   0   1   1   0   0   0   0   2  -2   1   0  -3  -3
   0   0   0   2  -1  -1  -1   2   2  -2   0   2  -4  -4
4 15  M:57 15 N:10 8 H:5,53 [-96]
   1   0   0  -2   0   3   1   2   2   3   0  -4   0   0  -5
   0   1   0   2   0  -1   1  -2  -1  -2  -2   2  -2  -1   4
   0   0   1   1   0  -1  -1  -2  -2  -2  -1   1   1   2   2
   0   0   0   0   1  -1  -1   1   0   0   2   0   0  -1  -1
4 11  M:61 11 N:10 8 H:5,53 [-96]
   1   0   0   0   2   2   2  -2  -2  -2  -2
   0   1   1   0  -1  -1  -2   0  -1  -2   3
   0   0   2   0  -1  -2  -2   2  -2  -2   2
   0   0   0   1  -1  -2  -1   1   2   3  -2
4 13  M:64 13 N:10 8 H:5,53 [-96]
   1   1   1  -1   0  -1   0  -1  -1   1  -1   1  -1
   0   2   0   0   0  -1   0  -1   1   0   0  -2  -4
   0   0   2  -2   0   0   3   3  -3  -2  -4   0   0
   0   0   0   0   1   1   1   1  -1  -2  -2  -2  -2
4 13  M:63 13 N:10 8 H:5,53 [-96]
   1   0   0   0   1   0  -2  -2   2   0  -1  -2   0
   0   1   0   0   0   1   2   0  -2  -2  -1   0  -2
   0   0   1   1   0   0  -1   1  -1   1   2  -3  -3
   0   0   0   2   2  -2  -4   0   2   2   2  -4  -2
4 12  M:62 12 N:10 8 H:5,53 [-96]
   1   0   0   0   0   0  -1   2   0  -2   2  -4
   0   1   0   0   0   0   2  -1  -2   0  -4   2
   0   0   1   1  -1  -1   0   0  -1   1  -3   3
   0   0   0   2  -2   0  -2   2   2  -2   2  -2
4 15  M:61 15 N:10 8 H:5,53 [-96]
   1   1   0   0   0   0   0   0   1   2  -2  -2   1  -2  -2
   0   2   0   3   0   3  -2  -1  -2  -1  -2   1  -2   1  -2
   0   0   1   1   0   0   1   1   0  -1  -1  -1  -2  -2  -2
   0   0   0   0   1   1  -2  -2  -2  -1   2   2   0   3   3
4 15  M:63 15 N:10 8 H:5,53 [-96]
   1   0   0   0   0   0   1   1   1  -1  -2   0  -2  -2  -2
   0   1   1   1  -1  -1   1  -2  -2   0   1  -1   1   1   1
   0   0   2   0   0  -2   0  -2  -3   0   2  -2   4   4   2
   0   0   0   2  -2   0   1   0   1  -2  -2   2  -2   0   2
4 14  M:65 14 N:10 8 H:5,53 [-96]
   1   1   0   0   1   0   0   2  -2  -2  -1  -1   0  -2
   0   2   0   3   0   2  -1   0  -3   0  -1   3  -4  -6
   0   0   1   1   0   0   0  -1   0   0   1   1  -3  -3
   0   0   0   0   2  -1  -1   1  -1  -1  -1  -1  -1  -1
4 14  M:61 14 N:10 8 H:5,53 [-96]
   1   0   1   0   1   1   1   0  -1  -2  -1  -2  -2  -2
   0   1   0   1   0   0   0  -1   2   1  -2  -1  -3  -3
   0   0   2   0   0   1   2   2  -2  -2  -2   0   0  -2
   0   0   0   2   2  -1  -1  -2   2   0  -2  -2  -4  -4
4 12  M:60 12 N:10 8 H:5,53 [-96]
   1   0   0   0   0   0   2   1   0  -2  -3  -3
   0   1   0   0   3  -3   1  -2   3  -3  -6  -6
   0   0   1   0  -4   3  -2   2  -6   6  10   9
   0   0   0   1   2  -2   0  -2   4  -4  -6  -5
4 9  M:63 9 N:10 8 H:5,53 [-96]
   1   0   0   0  -1   2  -1  -4   2
   0   1   0   0   2  -1  -1   2  -4
   0   0   1   1  -1  -1   2  -1  -1
   0   0   0   2  -1  -1   2   2  -4
4 14  M:63 14 N:10 8 H:5,53 [-96]
   1   0   1   0   0  -4  -4  -3   2   1   3   0   3   0
   0   1   0   1   0   3   3   2  -3  -2  -4  -1  -4  -1
   0   0   2   1   0  -6  -5  -4   2   2   4   2   6   3
   0   0   0   0   1   2   2   2  -2   0  -2  -2  -2  -2
4 12  M:62 12 N:10 8 H:5,53 [-96]
   1   0   1   0   0  -1   2   1   3  -4  -4  -1
   0   1   0   1   0   0  -3  -2  -4   3   3   0
   0   0   2   1   0  -1   0   0   2  -4  -1   2
   0   0   0   0   1   1   2   2   2  -2  -2  -2
4 12  M:64 12 N:10 8 H:5,53 [-96]
   1   0   0   1   1  -2  -2   0   0  -1  -1  -2
   0   1   1   0   0   0   0   1   1   1   1  -3
   0   0   3   0   3  -3   0   0   4  -1   3  -6
   0   0   0   3   3  -3  -3   1   1  -1  -1  -3
4 12  M:62 12 N:10 8 H:5,53 [-96]
   1   1   0   1   0   0   1   1  -3   1   1   0
   0   2   0   0   0   0  -1   0  -3   2   4   3
   0   0   1   0   1  -2  -1  -2   1   0  -2  -2
   0   0   0   2   3  -3   0  -2   0   2  -2  -3
4 11  M:61 11 N:10 8 H:5,53 [-96]
   1   0   1   0   0  -3   2   2  -3   3   3
   0   1   0   1   0   3  -1  -1   0  -3  -3
   0   0   2   2   0   0   3  -1  -3  -3   3
   0   0   0   0   1   1  -1  -1   1  -2  -2
4 13  M:61 13 N:10 8 H:5,53 [-96]
   1   1   1   0   1   1  -2  -3  -3  -3  -3   1   1
   0   2   0   0   2  -1  -2  -3  -2  -3   0  -1   4
   0   0   2   0  -1   2  -2  -2  -3   0  -3   4  -1
   0   0   0   1  -1  -1   1   1   1   1   1  -1  -1
4 14  M:63 14 N:10 8 H:5,53 [-96]
   1   0   1   0   0  -3   0  -3   0  -4   3   2   3   2
   0   1   0   1   0   3   0   3  -1   3  -4  -3  -4  -3
   0   0   3   3   0   0   1   1  -1  -1  -1  -1  -4  -4
   0   0   0   0   1   1   1   1   1   1  -2  -2  -2  -2
4 15  M:60 15 N:10 8 H:5,53 [-96]
   1   1   0   0   0   0   2   2  -3  -4  -5   3   3  -3  -3
   0   2   0   2   0   1  -1   2   0   0  -1   1  -3  -3  -1
   0   0   1   1   0   0  -1  -1   2   3   3  -3  -3   1   1
   0   0   0   0   1   1  -1  -1   2   2   2  -2  -2   0   0
4 14  M:64 14 N:10 8 H:5,53 [-96]
   1   0   0   0   2  -3   1   1   0  -3   2   4   0   1
   0   1   0   0   0  -2   2  -2  -3  -3  -2   2   4   5
   0   0   1   0  -1   3  -2   2   3   4   1  -5  -6  -8
   0   0   0   1  -1   3  -2   0   1   3  -1  -5  -3  -5
4 13  M:61 13 N:10 8 H:5,53 [-96]
   1   0   1   0  -1   0   1   1   1   0  -1  -3  -4
   0   1   0   0   0   0  -1   0   2   1   0  -3  -3
   0   0   2   0  -1   3   1  -2   0   2  -4   3   2
   0   0   0   1   1   1   0  -2  -2   0  -2   4   4
4 13  M:64 13 N:10 8 H:5,53 [-96]
   1   0   0   1   0   0  -2  -2  -2  -2   4   4   5
   0   1   0   0   1   0   2   1  -1   0  -3  -4  -4
   0   0   1   0   0   1   1   2   0  -1  -4  -3  -4
   0   0   0   2   2   2   2   2  -2  -2  -2  -2  -2
4 14  M:61 14 N:10 8 H:5,53 [-96]
   1   0   0   0   2   0   1   2  -2  -4   2  -2   2   0
   0   1   0   0  -1   1   0  -1   2   2  -2   0  -2  -2
   0   0   1   1   0  -1  -2  -3   1   3  -1   1  -3  -1
   0   0   0   2  -2  -1  -2  -5   2   6  -4   4  -6  -2
4 16  M:62 16 N:10 8 H:5,53 [-96]
   1   0   0   0  -1   0   3  -3   0  -1   1  -3   1   3  -5  -3
   0   1   1   0   1   1  -2   1   1   1   0   1  -1  -3   1  -1
   0   0   2   0   0   0  -2   2  -1  -1  -2   3  -3  -3   3   1
   0   0   0   1   1  -1  -2   3  -1   0  -2   2  -2  -2   4   2
4 12  M:60 12 N:10 8 H:5,53 [-96]
   1   0   1  -2   1  -2   1   0   1   0   1   0
   0   1   0   3  -2   1   0   1  -2  -1  -4  -3
   0   0   2   2   0   0   0   0  -2  -2  -4  -4
   0   0   0   0   0   0   2   2  -2  -2  -2  -2
4 13  M:60 13 N:10 8 H:5,53 [-96]
   1   0   0   3   0  -4   1  -3   0  -4   1  -3   3
   0   1   0  -4   1   5   0   4   0   4  -2   2  -6
   0   0   1   2   0  -4   0  -4   1  -3   2  -2   4
   0   0   0   0   2  -2   2  -2   2  -2   2  -2   0
4 15  M:61 15 N:10 8 H:5,53 [-96]
   1   1   1   0   1   1   1   1   1  -1  -1  -3  -3  -3  -3
   0   2   0   0   1   3   3   1   0  -2  -2  -3  -4  -4  -3
   0   0   2   0  -1  -1   0   2   1   2  -2  -3  -3   1   0
   0   0   0   1  -1  -1  -1  -1   1   0   0   1   1   1   1
4 16  M:61 16 N:10 8 H:5,53 [-96]
   1   1   0   0   0   0  -1  -1  -2  -2  -2  -2   2   2   2   2
   0   3   0   1   0   3  -2   1  -4  -3  -4  -2   0   1   0   2
   0   0   1   1   1   1   0   0  -1  -1  -1  -1  -1  -1  -1  -1
   0   0   0   0   2   2   2   2   0   0   1   1  -4  -4  -3  -3
4 15  M:61 15 N:10 8 H:5,53 [-96]
   1   0   0   0   3  -1  -1   3  -4  -3  -3   0   1   0   1
   0   1   1   0  -2   2   2  -3   2   2   1   1   0  -2  -3
   0   0   2   0  -2   1   2  -3   4   4   3  -1  -2  -4  -5
   0   0   0   1  -2   0   0  -2   3   2   2  -1  -2  -1  -2
4 12  M:60 12 N:10 8 H:5,53 [-96]
   1   0   0   0   1   2   2  -6  -6   4  -3  -2
   0   1   0   0  -1   1   1   1   0  -1  -3  -3
   0   0   1   0  -1  -2   0   4   4  -4   1   0
   0   0   0   1   1  -2  -2   2   3  -2   3   2
4 13  M:62 13 N:10 8 H:5,53 [-96]
   1   1   1   0   1   1   0   1   0   0  -3  -2  -4
   0   2   0   0   0   0  -1   2   3   3   0  -3  -1
   0   0   2   0  -1   2   1   2   0   1  -3  -1  -3
   0   0   0   1  -1  -1   1   0   1   1   1  -1   1
4 16  M:61 16 N:10 8 H:5,53 [-96]
   1   0   0   0   2   1   1   0  -1  -2  -1  -2   1   0  -2  -2
   0   1   0   0  -3  -2   2   3   3   4   4   5  -6  -6  -4  -3
   0   0   1   0   0   0  -2  -2  -1  -1  -2  -2   2   3   3   2
   0   0   0   1   2   2  -2  -3  -1  -2  -2  -3   4   4   2   1
4 15  M:62 15 N:10 8 H:5,53 [-96]
   1   1   0   1   1   0   1   1   0   1   1   0  -1  -1  -3
   0   2   0   0   2   0   3  -1   2   3  -1  -2   1  -3  -3
   0   0   1   0   0   1  -1  -1  -1  -1  -1  -1  -1  -1   1
   0   0   0   2   2   3  -1  -1  -2   0   0  -2  -2  -2   0
4 12  M:60 12 N:10 8 H:5,53 [-96]
   1   1   0  -2   0   6   5   5  -4  -4  -3  -3
   0   2   0  -2   0   6   6   4  -6  -2   0  -6
   0   0   1   1   0  -2  -2  -2   1   1   0   0
   0   0   0   0   1   3   2   2  -2  -2  -2  -2
4 12  M:58 12 N:10 8 H:5,53 [-96]
   1   1   0   0  -1  -1   1   3  -1  -3  -3   3
   0   2   0   3   1   3   1   0  -4  -3  -6   0
   0   0   1   1   2   2   0  -2  -2   0  -2  -2
   0   0   0   0   0   0   2   2  -2  -2  -3   3
4 15  M:61 15 N:10 8 H:5,53 [-96]
   1   1   0   0   0   0  -1   0   1   0   2   1  -1  -3  -3
   0   2   0   2   0   1  -1   5   4  -6   1  -4   2  -9  -8
   0   0   1   1   0   1   0   1   0  -2  -1  -2   0  -2  -2
   0   0   0   0   1  -1   1  -3  -2   3   0   2  -2   3   2
4 13  M:61 13 N:10 8 H:5,53 [-96]
   1   1   1   0   1   1   1   1  -1  -1  -3  -5  -5
   0   2   0   0   1  -1   3  -1  -2   2  -2  -4  -2
   0   0   2   0  -1   1  -1   3   2  -2  -2  -2  -4
   0   0   0   1  -1  -1  -1  -1   0   0   2   2   2
4 13  M:63 13 N:10 8 H:5,53 [-96]
   1   0   0   0  -4   3   1   2   5  -6  -6   6   0
   0   1   0   0   1   0   2  -1  -2   0  -1  -3  -3
   0   0   1   0   2  -2   0  -2  -4   3   2  -5  -2
   0   0   0   1   2  -3  -2   0  -2   4   4  -3   0
4 13  M:62 13 N:10 8 H:5,53 [-96]
   1   0   0   2   1   1   2  -5   0  -6   4  -7  -5
   0   1   0  -1  -2   0  -1   4   1   5  -5   5   1
   0   0   1  -1   0   0  -1   2   0   2  -3   2   0
   0   0   0   0   0   2   2  -2   2  -2   0  -3  -3
4 12  M:57 12 N:10 8 H:5,53 [-96]
   1   1   0   0   0  -1  -2  -2  -3   2   2  -3
   0   2   0   1   0  -2  -1  -2  -3   5   0  -5
   0   0   1   1   0  -2   1   1   0   1   1  -4
   0   0   0   0   1   2   0   0   1  -2  -2   3
4 10  M:62 10 N:10 8 H:5,53 [-96]
   1   0   1  -1   0   0  -1  -2  -2   3
   0   1   0   0   0  -2  -2   3  -2  -2
   0   0   2  -2   0  -1  -2  -2  -2   8
   0   0   0   0   1   1   2  -2   3  -2
4 14  M:65 14 N:10 8 H:5,53 [-96]
   1   0   0   0  -1   3  -1  -3   1   0   0  -4   3   0
   0   1   0   0   1  -1   1   0   1  -2   1   1   1   1
   0   0   1   0   0  -1   1   3  -1   1  -2   3  -5  -5
   0   0   0   1   1  -1   0   1  -1   0   0   1  -3  -3
4 14  M:61 14 N:10 9 H:5,53 [-96]
   1   1   1   0   0   0   0   1   1  -1  -1  -1  -3  -4
   0   2   0   0   0   3   2   0  -2   2  -1  -4   0  -1
   0   0   2   0   1   0   1  -1   0   0   0   0  -3  -3
   0   0   0   1   1   1   1  -1  -2   1   1  -2   1   1
4 20  M:60 20 N:10 9 H:5,53 [-96]
   1   0   0   0   2  -2   1   2   1  -1   0  -2  -3   2   2  -3   0   1  -2   1
   0   1   0   0  -2   2   1  -3  -2   0  -1   1   2   0  -3   2   2  -2   1   1
   0   0   1   0   1   0  -1   2   2   1   0  -1  -1  -1   2  -2  -2   1  -2  -2
   0   0   0   1   0   1  -1  -1  -1   0   1   2   2  -2  -2   2  -1  -2   1  -2
4 15  M:60 15 N:10 9 H:5,53 [-96]
   1   0   0   0   0   2   3  -2   1  -3  -1   2   0  -3  -2
   0   1   0   1   1  -2  -2   0   0   1   1  -2   0   1   0
   0   0   1   0  -2   1   0   1  -2   0  -2   1   1   0   1
   0   0   0   2  -2   2   2  -2  -2  -3  -3   3   3  -1   1
4 12  M:62 12 N:10 9 H:5,53 [-96]
   1   0   0   1  -1   0   0  -1   2  -1  -1  -1
   0   1   0   0   2   0   1  -1  -1   2  -1  -4
   0   0   1   0  -1   1   0   2  -1  -1  -1   2
   0   0   0   2  -1   1   2  -1   2   2  -1  -4
4 17  M:62 17 N:10 9 H:5,53 [-96]
   1   0   0   1  -1   1   1  -1   1   1   0   0  -2  -1  -2  -1  -2
   0   1   0   0   0   1   1  -2  -1  -1   3   3  -2   3   1  -5  -5
   0   0   1   0   1  -1  -1   2   0   0  -2  -2   2  -2  -1   2   2
   0   0   0   2  -1   0   3  -2  -1   1   2   3  -3   2   0  -5  -6
4 16  M:61 16 N:10 9 H:5,53 [-96]
   1   0   1   0  -1   2  -1   0   0   1  -1  -1  -1  -1  -1  -1
   0   1   0   0   0  -1  -1   1   0   0   2   2  -1   2   0  -1
   0   0   2   0  -1   0   0   2   3  -2  -1   0   3  -2  -4  -3
   0   0   0   1   1  -1   2   0   1  -2  -1  -1   2  -2  -2  -1
4 19  M:60 19 N:10 9 H:5,53 [-96]
   1   1   0   0   1   1   1   0   0   0   1  -1  -2  -2   1   1  -1  -2  -2
   0   2   0   0   2   0   1  -1  -1   2   1  -2  -2  -3   0   0  -2  -2  -3
   0   0   1   1   0   0   0   1   1   1  -1   1   1   1  -2  -2  -2  -1  -2
   0   0   0   2  -2   1   1   1   2   0   0   1   2   2  -1  -2  -2   0  -1
4 17  M:61 17 N:10 9 H:5,53 [-96]
   1   0   0   0   1  -1   2   3   0   2   3   0   2  -1  -4   0  -4
   0   1   0   0   1   2   0  -2  -1  -2  -3   2  -3  -1   2  -2   2
   0   0   1   0   0   1  -1  -2  -2  -1  -3   1  -4  -2   4  -3   5
   0   0   0   1  -1  -1  -1   0   2   0   1  -2   2   2  -1   2  -2
4 13  M:60 13 N:10 9 H:5,53 [-96]
   1   0   0   0   1  -2   2   2   0   0  -2  -4   2
   0   1   0   0   1   2  -2   0   2  -2   0   2  -4
   0   0   1   0  -1   1   0  -2  -1  -1   2   3  -2
   0   0   0   1  -1   0   1  -1  -2   2  -1  -2   3
4 13  M:60 13 N:10 9 H:5,53 [-96]
   1   1   1   0   2   2   2  -1  -1  -1   0   0  -1
   0   2   0   0   2   3   2  -2  -2  -2   0   3   2
   0   0   2   0   2   2   3  -2  -2   2   3   0  -2
   0   0   0   1   1   1   1  -2   0   0   1   1   0
4 16  M:62 16 N:10 9 H:5,53 [-96]
   1   0   0   0   1   2  -1   0   1   0   1   0   0  -3  -2  -3
   0   1   0   0   0  -1  -1   1   0  -2  -2  -2   0   1   3   3
   0   0   1   1   0  -1   2   0  -2   1   0   0  -2   0  -2  -2
   0   0   0   2  -2  -2   3  -2  -2   2   0   1  -1   1  -2  -1
4 15  M:61 15 N:10 9 H:5,53 [-96]
   1   0   0   0   2  -1   1   0   2   0   0  -1  -1  -4  -2
   0   1   1   0   0   0  -2  -1  -3   0  -1   0   0   3   1
   0   0   2   0   2  -2  -2  -1  -1   2   1  -1   1  -2  -2
   0   0   0   1  -1   2   0   1  -1  -1  -1  -1  -1   2   0
4 14  M:60 14 N:10 9 H:5,53 [-96]
   1   0   1   0   1  -2   1   0   1   1  -2  -2   0   0
   0   1   0   1   0   3  -3  -2  -1  -3   3   2   1  -2
   0   0   2   2   0  -2   0   0   0   2  -3  -2  -1   2
   0   0   0   0   2   2  -3  -3   1  -3   3   1   3  -3
4 14  M:61 14 N:10 9 H:5,53 [-96]
   1   1   1  -1   0  -2   3  -3  -3  -3  -1   3  -1  -3
   0   2   0   0   0   0   2  -1  -3  -1  -2   2  -2  -3
   0   0   2  -2   0  -2   2  -3  -3  -2  -2   4   2   0
   0   0   0   0   1   1  -2   1   1   1   0  -2   0   1
4 18  M:62 18 N:10 9 H:5,53 [-96]
   1   1   0   0   1   1   0   0   1   1   1   1  -2  -2  -3  -3   0   0
   0   2   0   1  -1   2   0   3  -3   0  -6  -4   3   5   3   4  -6  -5
   0   0   1   1  -1  -1   0   0  -2  -2  -3  -3   3   3   4   4  -2  -2
   0   0   0   0   0   0   1   1  -1  -1  -3  -3   3   3   3   3  -3  -3
4 17  M:63 17 N:10 9 H:5,53 [-96]
   1   1   0   1   0   0   1   1  -1  -1  -2   1   1   0   0  -4  -4
   0   2   0   0   0   1  -1   2   1  -1  -2  -1   3   2  -2  -4  -2
   0   0   1   0   1   1  -1  -1   1   1   1  -1  -1  -1  -1   1   1
   0   0   0   2  -1  -1   1   1  -2  -2   0   0   0   0   0  -2  -2
4 16  M:62 16 N:10 9 H:5,53 [-96]
   1   0   0   1   0   0   0   2   0   0  -1  -1  -2  -3  -2  -3
   0   1   1   0   0   0  -1   1  -1   2   0  -2   1   0  -3  -4
   0   0   2  -2   0   2   1  -2  -1   1   3   1   2   3  -2  -1
   0   0   0   0   1   1   1  -2   1  -1   1   1   0   1   0   1
4 14  M:61 14 N:10 9 H:5,53 [-96]
   1   0   0  -1   0   3  -3   0   0  -4   4   0   4  -4
   0   1   0   1   0  -1   2  -2  -1   2  -2  -2  -1   3
   0   0   1   1   0  -1   2   0  -2   2  -2  -2  -2   2
   0   0   0   0   1  -1  -1   1   2  -1  -1   3  -2  -2
4 14  M:61 14 N:10 9 H:5,53 [-96]
   1   0   1   0   2   0   0   1   1   0  -2   0  -2  -2
   0   1   0   0  -1   0   1   0  -2  -2   0  -2   0   3
   0   0   2   0   0   3   2  -2   0   0  -2   1   1  -2
   0   0   0   1  -1   1   0  -2   0   1   1   1   1  -2
4 16  M:61 16 N:10 9 H:5,53 [-96]
   1   0   1   1  -1   0  -1   0   0   1  -2   0  -2   1  -2  -2
   0   1   0   0   0   1   1  -1   1  -2   1   1   1  -2   1   1
   0   0   2   0   0   1   0   0  -2   2  -1  -2  -1   2  -4  -4
   0   0   0   2  -2   0  -1  -2   2  -2  -1   3   0   0   2   3
4 17  M:60 17 N:10 9 H:5,53 [-96]
   1   0   0   2   1  -2   2  -2   0   2  -1  -3   1   0  -1  -3   2
   0   1   0   2   1   0   0   1   3   1  -4  -2  -2   3  -4  -6   5
   0   0   1   2   1  -1   0  -1   1   0  -2  -2  -1   0  -1  -2   2
   0   0   0   3   1  -2   1  -1   3   2  -4  -4  -1   2  -3  -6   6
4 19  M:61 19 N:10 9 H:5,53 [-96]
   1   0   0   0   1   0   1   0  -1  -1  -1   2   2  -2   0   2  -2  -2   0
   0   1   1   0   0   0  -1  -1   2  -1  -1  -1  -1   1   1  -1  -1  -1  -1
   0   0   2   0   2  -2   1  -3   2  -4  -3   1   2   0   2   2  -4  -2   0
   0   0   0   1   0   1   0   1  -1   2   2  -1  -1   0  -2  -2   2   0  -2
4 17  M:64 17 N:10 9 H:5,53 [-96]
   1   0   0   1  -2   0   3   0  -3   2   1  -2  -3   3   1   0  -2
   0   1   0   1  -2  -3   0   3   0   1   2  -3  -2   0  -2   3   1
   0   0   1   2  -1  -2   1   1  -2   2   2  -2  -2   0  -2   0  -2
   0   0   0   3  -3  -3   3   3  -3   4   4  -4  -4   2  -2   2  -2
4 17  M:61 17 N:10 9 H:5,53 [-96]
   1   1   0   0   0   0   2  -2  -2  -2   1   0   0   0   0   1  -2
   0   2   0   3   0   3  -1  -2   1   1  -2  -2  -1  -2  -1  -2  -2
   0   0   1   1   0   0  -1   1   1   0  -2   1   1  -2  -2   0   0
   0   0   0   0   1   1  -1   0   0   1   0  -2  -2   1   1  -2   1
4 15  M:61 15 N:10 9 H:5,53 [-96]
   1   0   0   0   0  -1  -1   2  -1  -1  -1  -1  -1   2  -1
   0   1   1   1  -1   1   1  -1   0   0   0   0   1  -3   0
   0   0   2   0   0   0   3  -2   0   2  -1   2   0  -4  -1
   0   0   0   2  -2  -1  -1   2  -2  -2  -1  -1   2   2   2
4 14  M:60 14 N:10 9 H:5,53 [-96]
   1   1   1   0   0   1   0   0  -1  -1  -1  -1   1   0
   0   2   0   0  -2   2   1  -2   0  -3   0   0   2   1
   0   0   2   0   2  -2   0   3  -1   2   2  -4   2   3
   0   0   0   1   1  -2   1   1   1   1   1  -2   0   1
4 16  M:61 16 N:10 9 H:5,53 [-96]
   1   0   0   1  -1   1   1   1  -1   2  -1  -1  -1  -1  -1  -1
   0   1   0   1   1  -1  -1   1   0   0   1   1   1  -3  -1   1
   0   0   1   1  -1   1  -1   1   0   1   0   1   1  -3  -3  -1
   0   0   0   2  -1   1  -1   3  -2   2  -1   0   3  -5  -3   1
4 15  M:61 15 N:10 9 H:5,53 [-96]
   1   0   0   0   2  -1  -1   2   0  -1  -1   0  -1  -1  -1
   0   1   1   1  -3   2   2  -4   0   2   2  -2   0  -1  -1
   0   0   2   0  -2   0   0  -2   2   1   3   0  -2  -2   0
   0   0   0   2  -2   3   1  -3  -1   0   0  -1   1   0   0
4 19  M:61 19 N:10 9 H:5,53 [-96]
   1   1   0   0   0  -1  -1   0  -1   2  -1   1   0   0   1  -1  -1  -1  -1
   0   2   0   2   0  -1   1   1  -1   1   0   4  -6   5  -4   4  -7   2  -6
   0   0   1   1   0   1   1   1   0  -1   1   0  -2   1  -2   1  -2   0  -2
   0   0   0   0   1   0   0  -1   1   0  -1  -2   3  -3   2  -3   3  -2   2
4 18  M:61 18 N:10 9 H:5,53 [-96]
   1   0   1   1  -1  -1   1   0   0  -1   0  -1   0  -2  -2  -2   1   0
   0   1   0   0   0   0   2  -1  -1  -1  -1  -1  -1  -1  -1  -1   0  -1
   0   0   2   0   0  -2   2   0  -2   0  -2  -3   1  -1  -3  -1   2   1
   0   0   0   2  -2   0   2  -2   0  -3   1   0  -2  -3  -1  -1   2   1
4 14  M:61 14 N:10 9 H:5,53 [-96]
   1   0   0   0   2   1   1   1  -2  -2  -1  -1  -2  -1
   0   1   0   0  -3  -2  -2  -2   5   2   0   0   2   4
   0   0   1   0   1   2   0   0  -2   1   2  -2  -2  -2
   0   0   0   1   1   0   2   0  -2  -2  -2   2   1  -2
4 16  M:62 16 N:10 9 H:5,53 [-96]
   1   0   0   0  -2   2   3   2  -1   0   0   2  -1   0  -2  -6
   0   1   0   0   2  -2  -1   0   1  -1  -2   0   0  -2   0   4
   0   0   1   0   1  -1  -1  -1   0  -1   0  -1  -1  -1  -1   3
   0   0   0   1   0   0  -1  -1   1   2   1  -2   2   2   2  -2
4 17  M:61 17 N:10 9 H:5,53 [-96]
   1   0   0   0   1   5  -3  -3  -4  -4  -2  -2   6   6  -1   7   1
   0   1   0   0  -1  -2   2   2   2   2   1   1  -3  -3  -1  -4  -2
   0   0   1   0   0  -2   2   0   3   0   2  -1  -2  -3   0  -3  -1
   0   0   0   1   0  -2   0   2   0   3  -1   2  -3  -2   0  -3  -1
4 16  M:60 16 N:10 9 H:5,53 [-96]
   1   0   1   0   0   0  -1   2  -1   2  -1  -1  -1  -1  -1   2
   0   1   0   1   0   0   2  -1   2  -1  -1  -1  -1  -1   2  -1
   0   0   2   2   0  -3   2   3   3   2  -2  -5  -3  -7   4   4
   0   0   0   0   1   1  -1  -1  -1  -1   1   1   2   2  -2  -2
4 16  M:63 16 N:10 9 H:5,53 [-96]
   1   0   0   2  -1   1  -1   2   0  -2   0   2   1  -3   0  -3
   0   1   0  -1   2   0   2  -1   1   2   0  -2  -3   1  -3   0
   0   0   1  -1  -1   0  -1  -1   0  -1   1  -1   0   0   1   1
   0   0   0   0   0   3   1   1   3  -1   3  -1  -3  -3  -3  -3
4 15  M:60 15 N:10 9 H:5,53 [-96]
   1   1   0   0   1   0  -1  -2  -2  -2  -2   0   1   1   0
   0   2   0   0   0   2  -1  -2  -1   0  -2  -2   2  -2   2
   0   0   1   1   0   1   1   1   1   1   1  -1  -2  -2  -1
   0   0   0   2  -2   2   0   2   1   2   1   0  -2  -2   0
4 16  M:63 16 N:10 9 H:5,53 [-96]
   1   0   1   1   0   0  -2   1   1   1   0   1  -3  -3  -2  -4
   0   1   0   0   1   1   1  -1  -1  -1   1   0   1   1  -1   1
   0   0   2   0   1   0  -2   2  -1   2   1   2  -2  -3  -1  -3
   0   0   0   2   0   1  -2  -1   2   2   1   2  -3  -2  -1  -3
4 18  M:60 18 N:10 9 H:5,53 [-96]
   1   1   0   0   1   1   1   0   0   0   1  -1  -2   1   1  -2  -2  -1
   0   2   0   0   1   2   0  -1  -1   2   1  -2   0   0   0  -2  -2  -2
   0   0   1   1   0   0   0   1   1   1  -1   1   1  -2  -2   1  -1  -2
   0   0   0   2  -1  -1   2   1   2   0  -2   1   0  -2   0   0  -2  -2
4 12  M:60 12 N:10 9 H:5,53 [-96]
   1   0   0   1   1  -2   1   0  -2   1   0   1
   0   1   1   0   0   3  -1   0   0  -3  -2  -3
   0   0   2   0  -2   6  -1  -2   0  -3  -4  -5
   0   0   0   2   0   2  -1  -1  -1  -1  -3  -3
4 11  M:61 11 N:10 9 H:5,53 [-96]
   1   1   1   0   3  -1  -1  -1  -3  -3  -3
   0   2   0   0   2   2  -2  -2  -3  -3   0
   0   0   2   0   2  -2   2  -2   0  -3  -3
   0   0   0   1  -2   0   0   0   1   1   1
4 18  M:62 18 N:10 9 H:5,53 [-96]
   1   0   0   0   0  -2  -1  -2   2  -1   3   3  -3   1   2  -4   0  -2
   0   1   0   0   1   0   2   3  -1   2  -2  -3   3   0  -2   2  -3  -2
   0   0   1   0   1  -1  -2  -2   0   0   2   3  -3   2   3  -3   0  -1
   0   0   0   1  -1   2   0   0  -1  -1  -2  -2   1  -2  -2   2   1   2
4 17  M:60 17 N:10 9 H:5,53 [-96]
   1   1  -1  -1   1   0   0  -3  -1   0   0  -1   0   1   3   1  -3
   0   2  -2   0   0   0   2  -1  -1   0   2   1   1  -2   0   2  -2
   0   0   0   0   2   0   0  -2   0   1  -2   0   1   2   2  -2  -2
   0   0   0   0   0   1   1   1   1   1   1   1   1  -2  -2   0   0
4 13  M:62 13 N:10 9 H:5,53 [-96]
   1   1   1  -1  -1   0   0  -1   1  -3   1   0  -3
   0   2   0   0  -2   0  -3   2   4  -2   2   0  -3
   0   0   2  -2   0   0   3  -4  -2  -2   2   3   0
   0   0   0   0   0   1   1  -2  -2   0   0   1   1
4 12  M:60 12 N:10 9 H:5,53 [-96]
   1  -1   1   1   1  -1  -2   1  -2   1  -2   0
   0   0   2   0   2   0  -1   0  -1   0  -3  -1
   0   0   0   2   0   0  -1   2  -3   0  -1  -1
   0   0   0   0   3   1  -1   3  -3   1  -3  -1
4 16  M:62 16 N:10 9 H:5,53 [-96]
   1   0   0   0  -1  -2   2  -2   1   1   0   0   0  -1  -2  -2
   0   1   0   0   2   2  -2   3  -2   0  -2   1  -2   2   0   3
   0   0   1   1   0   1  -1   0   0  -2   1  -2   1  -2   1  -2
   0   0   0   2  -2   0   0  -2   0  -2   2  -2   4  -4   2  -4
4 18  M:61 18 N:10 9 H:5,53 [-96]
   1   0   0   0  -2   4   2   1  -2   2   5   3   2  -2   4   2  -8  -4
   0   1   0   0   1  -1  -1  -1   0   0  -2  -2  -2   1  -2  -1   3   1
   0   0   1   0   0  -2   0   1   2  -1  -2   0   0   0  -2  -2   2   0
   0   0   0   1   2  -2  -2  -1   1  -2  -2  -2  -1   0  -1   0   4   2
4 13  M:61 13 N:10 9 H:5,53 [-96]
   1   0   0   0   3   3   3   1   3  -3  -3  -3  -3
   0   1   0   0  -2  -2  -3   0  -3   4   0   0   3
   0   0   1   0   3   2   3  -1   4  -3  -3  -2  -2
   0   0   0   1  -3  -2  -2   0  -3   0   4   3   0
4 18  M:60 18 N:10 9 H:5,53 [-96]
   1   1   0   0   1  -1  -1   1   0   3   1   1   0  -2  -1  -1   3  -5
   0   2   0   2   1  -1   1  -1   0   4   2   3  -1  -2  -1  -3   1  -5
   0   0   1   1  -1   1   1  -1   0   0   1   1   0   1  -1  -1  -3   1
   0   0   0   0   0   0   0   0   1  -2  -1  -1   1   2   0   0  -2   2
4 13  M:61 13 N:10 9 H:5,53 [-96]
   1   1   0   0   2   0   0   1   1  -2  -2  -2  -2
   0   2   0   0   2  -2   2   2   0   0  -4   2  -6
   0   0   1   0  -1   1   0  -2   0   0   1  -2   3
   0   0   0   1  -1   0   1   0  -2   1   0   3  -2
4 18  M:61 18 N:10 9 H:5,53 [-96]
   1   0   0   1   1   2   0  -1  -1  -1   0  -1  -1   0  -1  -1   0  -1
   0   1   1   0   0  -1   1   2   2   1   0   0   0  -1  -1  -1  -3  -3
   0   0   2   0   1   0   0   1   3   2  -1  -1   1  -2   0  -2  -4  -4
   0   0   0   2   2   2   1   0   0  -1   1   0   0  -2  -1  -3  -2  -3
4 19  M:62 19 N:10 9 H:5,53 [-96]
   1   0   1   0   1   2   0   0  -1  -1   0  -1  -1  -1  -1  -1  -1  -1  -1
   0   1   0   1   0  -1   1   1   1   1  -1  -1  -1  -1  -1   1   1   0   0
   0   0   2   2   0   0   3   0   2  -1  -2   0  -3  -2  -3  -1   3   2  -2
   0   0   0   0   2   2  -1  -1  -1  -1   2  -1  -1   1   1  -2  -2  -2  -2
4 15  M:62 15 N:10 9 H:5,53 [-96]
   1   0   0   0   0   1  -1  -1   1   2  -1  -2  -2  -2   2
   0   1   0   0  -2  -1   3   2   0   0  -3   2  -2   0   0
   0   0   1   0   2   1  -1   0   0  -1   2   0   2   0  -4
   0   0   0   1   1   0  -1  -1  -1  -1   2  -1   1  -1  -1
4 17  M:61 17 N:10 9 H:5,53 [-96]
   1   0   0   2   0  -1   0   2   2   0  -1  -1  -1  -3   0   0  -3
   0   1   0   2   0   0   1   3   2  -2  -1   0  -3  -2   0  -2  -3
   0   0   1   1  -1  -1   2   2   1  -1   1  -1  -1  -1  -1  -1  -1
   0   0   0   4  -2  -2   2   6   5  -2  -1   0  -3  -4   1  -1  -5
4 15  M:60 15 N:10 9 H:5,53 [-96]
   1   0   1   0   1   0   1   1   1   1  -2   1  -2   1  -2
   0   1   0   1   0   1   1   1   1  -2   1  -2   1  -2   1
   0   0   2   2   0   0   1   2   1   0   0  -2  -2   0   0
   0   0   0   0   2   2   1   1   2  -2  -2   0   0   0   0
4 17  M:61 17 N:10 9 H:5,53 [-96]
   1   1   0   0   0   3   0   0   2   0  -1  -1   1  -3  -3  -3  -3
   0   2   0   3   0   0   3  -1  -1   1  -1   2  -2   0  -3  -2  -4
   0   0   1   1   0  -3   0  -1  -3  -1   2   2  -2   3   3   2   2
   0   0   0   0   1   1   1   1   1   1  -1  -1   0  -2  -2  -2  -2
4 16  M:63 16 N:10 9 H:5,53 [-96]
   1   0   0  -3   0  -3   2   1  -2   0   1   0  -4   2   4   4
   0   1   0   3   0   3  -1  -2   1   1   0  -1   3  -1  -5  -5
   0   0   1   1   0   0  -1   2   2  -3  -3   2   2  -4  -1  -2
   0   0   0   0   1   1   0  -2  -2   3   3  -1  -1   3  -2  -1
4 16  M:64 16 N:10 9 H:5,53 [-96]
   1   0   0   0   2   3   5   6  -6  -2   5   4   2  -3  -6  -9
   0   1   0   0  -1  -3  -2  -3   3   1  -4  -1  -3   0   5   6
   0   0   1   0  -1   0  -2  -2   1   0  -1  -2   0   1   0   1
   0   0   0   1   0  -2  -2  -3   3   2  -3  -2  -2   0   2   3
4 17  M:61 17 N:10 9 H:5,53 [-96]
   1   0   0   0  -1   2   0   1  -1  -1   2   0  -2   2  -2   2  -2
   0   1   0   0   2  -1   1   0   2  -1  -1  -2   0  -2   2  -2   2
   0   0   1   1  -1  -1   0   0  -1   2  -1   1   1  -1  -1  -1  -1
   0   0   0   2  -1  -1   2   2   1   1   1   0   0  -2  -2   0   0
4 12  M:61 12 N:10 9 H:5,53 [-96]
   1   1   0   0   0   2   2   3  -3   3  -3  -3
   0   2   0   0   3  -1   2   0   3  -3   0  -3
   0   0   1   0   0  -1  -1  -2   1  -2   1   1
   0   0   0   1   1  -1  -1  -3   3  -3   3   0
4 18  M:60 18 N:10 9 H:5,53 [-96]
   1   1   1  -1  -1   1   0   0  -1  -1  -1   0  -1  -1   0   1  -1   0
   0   2   0   0  -2   0   0  -1   0  -1  -2   2  -2   1  -1   2   1   2
   0   0   2  -2   0   0  -1   0  -2  -1   0  -1   1  -2   2   2   1   2
   0   0   0   0   0   2  -1  -1  -1   1  -1  -1  -1  -1  -1   0  -1  -1
4 15  M:61 15 N:10 9 H:5,53 [-96]
   1   1   1  -1   0   0   0   3   1  -3  -1  -3  -3  -1  -3
   0   2   0   0   0   1   0   2   2  -2  -2  -3  -2  -2  -3
   0   0   2  -2   0   0   1   2   0  -3  -2  -3   0   2   1
   0   0   0   0   1   1   1  -2  -1   1   0   1   1   0   1
4 17  M:62 17 N:10 9 H:5,53 [-96]
   1   1   0   0   0   0  -1   0   0  -1   1   2  -1  -1   0  -1  -1
   0   2   0   2   0   3   2  -1   2  -1   0   0  -1   3  -4  -4  -5
   0   0   1   1   0   0   0  -1  -1   0   2   1  -1  -1  -1   0  -1
   0   0   0   0   1   1   1   1   1   1  -2  -2   2   2  -2  -2  -2
4 15  M:62 15 N:10 9 H:5,53 [-96]
   1   0   0   0   1   0   2  -1   0   1  -2   0   1  -2  -2
   0   1   0   0   0   1  -1   2   1   0   1   0  -2  -2  -2
   0   0   1   1   0   0  -1  -1  -2  -2   0  -2   0   3   0
   0   0   0   2  -2  -2  -2  -2  -2  -2   0  -1   0   6   3
4 14  M:61 14 N:10 9 H:5,53 [-96]
   1   0   0   0   2  -1  -1  -1  -1  -1  -1  -1  -1  -1
   0   1   1   1  -3   2   2   2   2   0   0   2   2   0
   0   0   2   0  -2   3   0   3   0   1   1   1   1  -2
   0   0   0   2  -2   0   3   1   1  -2   1   3   0   1
4 17  M:63 17 N:10 9 H:5,53 [-96]
   1   1   0   0   1   0   1   1  -2   1   1  -3  -3   0   0  -1  -1
   0   2   0   0   0   1  -1   2  -2   3  -1  -2  -3  -2   3   2  -3
   0   0   1   0   2   0   0   0   1  -1  -1   0   0  -2  -2  -2  -2
   0   0   0   1  -2   1  -1  -1   0   0   0   1   1   1   1   1   1
4 16  M:61 16 N:10 9 H:5,53 [-96]
   1   0   0   0   2   1   1   0   0  -2   0   0  -2   1  -2  -2
   0   1   0   1  -1   0   0   1   1   1   0  -2   1  -2  -2  -2
   0   0   1   0   0  -2   0  -3  -1   0  -2   3  -1   2   3   2
   0   0   0   2   1  -2   2  -3   1   0  -3   2  -1   2   0  -1
4 14  M:62 14 N:10 9 H:5,53 [-96]
   1   0   0   0  -1   2  -1   3  -2   2  -2  -2  -2   4
   0   1   0   0   2  -1   3  -1   2  -2  -2  -2   4  -2
   0   0   1   0   0   0  -1  -1   0   0   2   1  -2  -2
   0   0   0   1  -1  -1  -1  -1  -1  -1   1   2  -1  -1
4 16  M:62 16 N:10 9 H:5,53 [-96]
   1   0   0   0   1  -1  -1   2   0  -2  -2  -2  -1   2   2   2
   0   1   0   0  -2   3   1  -3   0   2   4   2   0  -4  -5  -6
   0   0   1   0   2  -1   1   2  -2  -2  -2   0  -2   2   4   4
   0   0   0   1   0  -1  -1  -1   1   1  -1  -1   2  -1  -1  -1
4 16  M:64 16 N:10 9 H:5,53 [-96]
   1   0   0   0   2  -1   1   2   3  -3   0  -3   3   2  -6  -7
   0   1   0   0  -1   0   0  -1  -3   3   1   3  -3  -3   3   3
   0   0   1   0   0   1  -2  -3  -2   1  -2   0  -3  -2   4   4
   0   0   0   1  -1   0   2   2   0   0   2   1   1   0  -3  -3
4 13  M:66 13 N:10 9 H:5,53 [-96]
   1   0   0   0   3  -3   3   4   4   0   3  -6  -6
   0   1   0   0  -1   1  -2  -2  -2  -1  -2   1   1
   0   0   1   0  -1   0   0  -1  -2   2  -3   0  -3
   0   0   0   1  -1   3  -3  -2  -1  -3   0   3   6
#NF: 204
  done (1s)
</pre></body>
