<head><title>SEARCH RESULTS</title></head>
<body><pre><b>Search command:</b>
class.x -di x -He EH5:MVNFL50

<b>Result:</b>
4 10  M:25 10 N:10 9 H:5,20 [-30]
   1   0   0   0   1   0   0   2  -2  -1
   0   1   0   0   0   1  -2  -1   2   0
   0   0   1   0   0   1  -1  -2   0   2
   0   0   0   1   1   0   2   0  -1  -2
4 5  M:29 5 N:9 5 H:5,29 [-48]
   1   0   2   3  -9
   0   1   3   2 -10
   0   0   4   0  -8
   0   0   0   4  -4
4 6  M:29 6 N:9 6 H:5,29 [-48]
   1   1   1   1  -3  -3
   0   2   1   3  -5  -3
   0   0   2   2  -2  -2
   0   0   0   4  -4   0
4 10  M:32 10 N:10 7 H:5,29 [-48]
   1   0   0  -1   2  -2  -2  -2   2   2
   0   1   1   2   2   0  -3   1  -1   0
   0   0   2   1   1  -1   0   0  -2  -1
   0   0   0   0   3  -1  -3  -1   1   1
4 9  M:36 9 N:10 7 H:5,29 [-48]
   1   0   0   0  -3   0   1   3  -3
   0   1   1   0   2  -1   0  -4   0
   0   0   3   0   3   0   2  -6   0
   0   0   0   1  -1  -1   0   2  -2
4 10  M:33 10 N:10 7 H:5,31 [-52]
   1   0   0   1   1  -1  -1  -1  -1  -1
   0   1   1   0  -2  -1   0   2   2   1
   0   0   2   0  -2   1   2   0   2  -1
   0   0   0   2  -2  -2  -2   2   0   2
4 10  M:38 10 N:10 7 H:5,33 [-56]
   1   1   1   0   1  -2  -1   0   1   1
   0   2   0   0  -1   2  -3   4  -1   2
   0   0   2   0  -1  -2   1   0   3   2
   0   0   0   1  -1   1  -1   1  -1   0
4 13  M:42 13 N:10 7 H:5,33 [-56]
   1   1   0   0   0   0   0   0  -1  -1  -1  -1   2
   0   3   0   0  -2  -2   2   2  -2  -2  -1  -1   3
   0   0   1   1  -1  -1  -1  -1   0   0   0   0   2
   0   0   0   3  -2  -1  -2  -1  -2   2  -2   2   3
4 7  M:38 7 N:10 6 H:5,35 [-60]
   1   0   0   3  -3   3  -3
   0   1   0   2  -6   4   2
   0   0   1   0  -2   0   2
   0   0   0   4  -6   6   0
4 11  M:41 11 N:10 7 H:5,35 [-60]
   1   1   0  -1  -1   0   0   0   0   2  -2
   0   3   0  -3   0   0   4  -1   3   0  -6
   0   0   1  -1  -1   1   1   0   0  -1  -3
   0   0   0   0   0   2   2   1   1  -3  -3
4 10  M:40 10 N:10 7 H:5,35 [-60]
   1   0   0   0  -2   2  -2   1  -3  -1
   0   1   1   1  -1  -1   1   0   0  -2
   0   0   2   0   2  -4   2  -2   2  -2
   0   0   0   2  -4   4  -2   4  -4   0
4 9  M:38 9 N:10 7 H:5,35 [-60]
   1   1   0   0   0   3   3  -3  -3
   0   2   0   0  -3   2   4   0  -6
   0   0   1   0   0  -2  -2   0   2
   0   0   0   1   1   0   0  -2   2
4 9  M:38 9 N:10 7 H:5,35 [-60]
   1   1   0   0   0  -1   3  -3  -3
   0   2   0   0   3  -4   2   0  -6
   0   0   1   0   0   0  -2   2   0
   0   0   0   1   1  -2   0   2  -2
4 8  M:37 8 N:10 7 H:5,35 [-60]
   1   1   1   1  -3   1   1  -3
   0   2   0   0   0  -2  -2   4
   0   0   2   0  -2   3   1  -4
   0   0   0   2  -2   1   3  -4
4 9  M:43 9 N:10 7 H:5,35 [-60]
   1   0   2  -1   1   0  -2  -3  -1
   0   1   3   0   2   1  -5  -6   0
   0   0   4  -1   3   0  -4  -5  -1
   0   0   0   0   0   4  -4  -4   4
4 7  M:37 7 N:10 7 H:5,35 [-60]
   1   1   0   1  -1  -2   1
   0   2   0   0  -4   0   6
   0   0   1   0   2  -1  -4
   0   0   0   2  -2   0   0
4 9  M:38 9 N:10 7 H:5,35 [-60]
   1   1   0   0   0   3   3  -3  -3
   0   2   0   0   0   2   4  -6   0
   0   0   1   0  -1  -2  -2   0   2
   0   0   0   1  -1   0   0  -2   2
4 9  M:45 9 N:10 7 H:5,35 [-60]
   1   0   0   0  -1   1  -2   2  -4
   0   1   0   1  -1   3  -3   5  -7
   0   0   1   0   2  -3   3  -6   3
   0   0   0   2  -1   6  -3   9  -9
4 11  M:40 11 N:10 8 H:5,35 [-60]
   1   0   0   0  -2  -2   1   1   2  -2   4
   0   1   0   0   1   2  -1  -1   0   0  -4
   0   0   1   0   0  -1  -1   2   1   1  -1
   0   0   0   1   2   1   1  -2  -2   0  -2
4 12  M:41 12 N:10 8 H:5,35 [-60]
   1   0   1   0   1  -2   1   1   0   0   1  -1
   0   1   0   1   1  -2   1   1   0   0  -1   1
   0   0   3   3   1  -5   1   5  -1   3  -1  -1
   0   0   0   0   2  -1   0   0  -1  -1   1   1
4 12  M:38 12 N:10 8 H:5,35 [-60]
   1   1  -1  -1   0   0   0   0  -1   1   3  -3
   0   2  -2   0   0   3   0  -2  -4  -2   6  -4
   0   0   0   0   1   1   0  -1  -2  -2   2   0
   0   0   0   0   0   0   1  -1   0   0   2  -2
4 12  M:38 12 N:10 8 H:5,35 [-60]
   1   1  -1  -1   0  -3   0   0   1   3   3  -3
   0   2  -2   0   0  -3   0   3  -2   4   2   0
   0   0   0   0   1   1   0   0   0  -2  -2   2
   0   0   0   0   0   0   1   1  -2   0   0   2
4 12  M:40 12 N:10 8 H:5,35 [-60]
   1   0   0   1  -1   1   1   0   0  -1  -1  -2
   0   1   1  -2   2   0   0  -3   1  -2  -2  -1
   0   0   2  -2   2   0   2  -4   2  -4  -2  -2
   0   0   0   0   0   2   2  -2   2  -2  -2  -2
4 16  M:40 16 N:10 9 H:5,35 [-60]
   1  -1   0   0   0   2   1   0   3   1  -3  -1  -3  -2  -1  -1
   0   0   1   0   0  -1  -1   1  -2  -1   2   0   1   2   0   2
   0   0   0   1   1   2   2   0   3   2  -4  -2  -3  -4   0  -2
   0   0   0   0   2   2   0  -1   2   3  -2  -2  -1  -3   2  -2
4 15  M:40 15 N:10 9 H:5,35 [-60]
   1   1   1   1   0   0   0   0   0   0  -1  -1  -1  -1  -2
   0   2   0   0   1  -1  -1   1   1  -1   0   0   0  -2  -1
   0   0   2   0  -1   1  -1   1  -1   1   0   0  -2   0  -1
   0   0   0   2  -1  -1   1  -1   1   1   0  -2   0   0  -1
4 13  M:43 13 N:10 8 H:5,37 [-64]
   1   0   0   1   0  -3   0   3   2   1   2  -3   3
   0   1   0   0  -2  -1  -1   2   1  -2   0   0   0
   0   0   1   0   0  -1  -1   2   2   0   2  -2   2
   0   0   0   2  -3  -3   0   4   2  -2   1   0   2
4 14  M:45 14 N:10 9 H:5,38 [-66]
   1   0   1   0   0  -2  -1  -1   0   1   0   1   1   1
   0   1   1   0   0  -1   1  -2   0  -1   1   0   1   1
   0   0   0   1   1   2   0   0  -2  -1  -2   0   0  -3
   0   0   0   0   3   2   1  -2  -3  -1  -2   2   3  -3
4 16  M:45 16 N:10 9 H:5,38 [-66]
   1   0   0   0   1   4  -3   5  -2   3  -4  -9  -6  -3  -6  -8
   0   1   0   0   1   1   0   2  -2   0  -1  -3  -1  -2  -3  -2
   0   0   1   0   0  -2   1  -2   1  -2   1   4   2   2   3   3
   0   0   0   1  -1  -2   3  -4   1  -3   2   6   4   2   4   5
4 9  M:41 9 N:10 6 H:5,39 [-68]
   1   0   0   0   3  -2   2  -2   2
   0   1   1   1  -6   3  -5   3  -5
   0   0   2   0  -4   0  -4   4  -2
   0   0   0   2  -4   2  -4   2  -4
4 7  M:42 7 N:10 7 H:5,39 [-68]
   1   1   0   1   1  -1  -3
   0   2   0  -2   0   6  -6
   0   0   1  -2   0   2  -2
   0   0   0   0   2  -2   0
4 9  M:43 9 N:10 7 H:5,39 [-68]
   1   1   0   0   3   1  -3  -1  -3
   0   2   0   0   4   0   0  -4  -6
   0   0   1   0  -2  -2   2   0   0
   0   0   0   1   0  -2   2  -2  -2
4 12  M:43 12 N:10 8 H:5,39 [-68]
   1   1  -1  -1   0   0   0   1  -1   3  -3  -3
   0   2  -2   0   0   0   3  -2  -4   6  -4  -2
   0   0   0   0   1   0   0   0  -2   2  -2  -2
   0   0   0   0   0   1   1  -2  -2   2   0   0
4 12  M:46 12 N:10 8 H:5,39 [-68]
   1   0   0   1  -1   0  -1   2   2   0  -2   2
   0   1   0   0  -2   0   1   1   1   1  -1   1
   0   0   1   0   2   1  -1  -2  -2   0   0  -4
   0   0   0   2   2   3  -1  -2   0   2  -2  -4
4 9  M:42 9 N:10 8 H:5,39 [-68]
   1   1  -1   0   0   1   3  -3  -3
   0   2  -2   0   0  -2   6  -4   0
   0   0   0   1   0  -2   2   0   0
   0   0   0   0   1   0   2  -2  -2
4 8  M:42 8 N:10 8 H:5,39 [-68]
   1   1   0   0   1   1  -1  -3
   0   2   0   3  -2   0   2  -6
   0   0   1   1  -2   0   2  -2
   0   0   0   0   0   2  -2   0
4 13  M:49 13 N:10 8 H:5,40 [-70]
   1   0   1   1   1  -3   1  -3  -3   0   0   1   1
   0   1   0   0  -1   1  -1   1   1   1   1  -1  -1
   0   0   3   0  -1  -3   3  -2  -3   0   1   4  -1
   0   0   0   3   3  -3  -1  -3  -2   1   0  -1   4
4 8  M:46 8 N:10 6 H:5,41 [-72]
   1   1   0   0   0  -4   4   4
   0   3   0   4   0   0  -6  -8
   0   0   1   1   0   3  -6  -7
   0   0   0   0   1   2  -3  -4
4 9  M:50 9 N:10 7 H:5,41 [-72]
   1   1   0   2   0   0  -4  -4   0
   0   3   0   0  -1   3  -5  -3  -3
   0   0   1   2  -1  -1  -1  -1   1
   0   0   0   3  -1  -1  -1  -3   3
4 10  M:46 10 N:10 7 H:5,41 [-72]
   1   1   0   2   0   2  -3   1  -4  -2
   0   2   0   1   0   4  -3  -1  -4  -4
   0   0   1  -1   0  -4   4   0   4   0
   0   0   0   0   1   3  -3  -1  -3  -1
4 12  M:46 12 N:10 7 H:5,41 [-72]
   1   0   0   0  -3   0  -2   1  -3   3  -1   3
   0   1   0   1   3   0   3  -2   2  -4   1  -6
   0   0   1   0   1  -1   0  -2   2  -2  -1  -2
   0   0   0   2   3  -2   2  -4   4  -4  -1  -6
4 10  M:48 10 N:10 7 H:5,41 [-72]
   1   0   1   0  -1   1  -1  -1  -3   1
   0   1   0   1   1  -1  -1  -1   1  -3
   0   0   2   0  -1  -1   1  -3  -3  -1
   0   0   0   2  -1  -1   1  -3  -1  -3
4 13  M:44 13 N:10 7 H:5,41 [-72]
   1   0   0   1   1  -2  -1   1   1  -2   0   0  -1
   0   1   1   0   1   1   0  -2  -2   1  -1  -1   0
   0   0   2   0   1   0  -2  -2  -2   2   0  -2   2
   0   0   0   2   1  -2   0   0   2  -2  -2   2  -2
4 7  M:48 7 N:10 7 H:5,41 [-72]
   1   1  -2   0   2  -2  -2
   0   3  -3   0   0  -6   6
   0   0   0   1   2   0  -3
   0   0   0   0   3   3  -6
4 11  M:46 11 N:10 7 H:5,41 [-72]
   1   0   0  -3   0   3   4   3   4  -6  -4
   0   1   0   2   0  -1  -2   1   0   0  -2
   0   0   1   2   0  -1  -2  -3  -4   4   2
   0   0   0   0   1  -1  -1  -3  -3   3   3
4 10  M:46 10 N:10 7 H:5,41 [-72]
   1   0   0   0   1   2  -2  -1   0   0
   0   1   0   0   0  -1   1   2   1  -3
   0   0   1   1   0  -2   2   0  -2  -2
   0   0   0   3   2  -2   4   2  -2  -6
4 9  M:47 9 N:10 7 H:5,41 [-72]
   1   0   0   0   2  -1   3   3  -6
   0   1   0   1  -1   2  -2  -3  -3
   0   0   1   0  -2  -1  -2  -2   4
   0   0   0   2  -2   0  -2  -3   0
4 8  M:52 8 N:11 7 H:5,41 [-72]
   1   1   1   0  -3  -9   3   3
   0   2   0   0  -2  -5   1   5
   0   0   2   0  -2  -5   5   1
   0   0   0   1   2   2  -2  -2
4 16  M:46 16 N:10 8 H:5,41 [-72]
   1   0   0  -2   0   3   1  -2   1   3   2   0   2  -2  -4   2
   0   1   0   2   0  -3  -2   1   1  -2  -1   2  -4   2   4   0
   0   0   1   1   0  -3   0   0   0  -2  -2   1  -3   3   3  -1
   0   0   0   0   1   1   0   0  -1   0   0  -2   2  -2  -2  -1
4 13  M:46 13 N:10 8 H:5,41 [-72]
   1   1   0   2   2   0   0   2   2   1  -3  -1  -3
   0   2   0   1   3   0   3   0   1  -2   0  -4  -6
   0   0   1  -1  -1   0   0  -2  -2  -2   2   0   0
   0   0   0   0   0   1   1  -1  -1  -2   2  -2  -2
4 13  M:49 13 N:10 8 H:5,41 [-72]
   1   0   0   2   1   1   0   0   1   0  -1  -2  -3
   0   1   0  -1  -2   0   0   0   0   1  -1   3   3
   0   0   1  -1   0   0  -2   1  -2  -2  -1   0   1
   0   0   0   0   0   2  -3   3  -2  -2  -3   2   3
Exceeded limit of 50
</pre></body>
