<head><title>SEARCH RESULTS</title></head>
<body><pre><b>Search command:</b>
class.x -di x -He EH9:21MVNFL1000

<b>Result:</b>
4 5  M:24 5 N:10 5 H:9,21 [-24]
   1   0   0   2  -4
   0   1   1   5  -7
   0   0   3   0  -3
   0   0   0   6  -6
4 7  M:26 7 N:12 6 H:9,21 [-24]
   1   1   0   0  -4   0   2
   0   3   0   0  -6   3   6
   0   0   1   1  -1  -2  -1
   0   0   0   2  -2  -1   1
4 6  M:24 6 N:10 6 H:9,21 [-24]
   1   0   0  -1   1  -1
   0   1   1   2   0  -4
   0   0   3   3   0  -6
   0   0   0   0   3  -3
4 7  M:26 7 N:12 7 H:9,21 [-24]
   1   0   0   0  -3  -3   3
   0   1   1   0   2   0  -4
   0   0   3   0   3   0  -6
   0   0   0   1  -1  -2   2
4 8  M:23 8 N:13 7 H:9,21 [-24]
   1   0   0   0  -2  -4   4  -4
   0   1   0   0  -2  -2   2  -3
   0   0   1   1   1   3  -5   2
   0   0   0   2   2   4  -6   3
4 10  M:24 10 N:13 8 H:9,21 [-24]
   1   0   0   1  -2  -1   1  -1  -1   3
   0   1   0   0   0   2  -2   0   0  -3
   0   0   1   0   0  -1   1   1  -1   1
   0   0   0   2  -1  -1  -1  -1   1   0
4 9  M:24 9 N:13 8 H:9,21 [-24]
   1   0   0   0   2   0   0  -1  -3
   0   1   1   0  -1  -1  -1  -1   3
   0   0   2   0  -1  -1   1  -2   0
   0   0   0   1  -1   1  -1   1   1
4 10  M:24 10 N:13 8 H:9,21 [-24]
   1   0   1   0  -2  -1  -1   1  -1   3
   0   1   0   0   1   2   0  -2   0  -3
   0   0   2   0  -2  -1  -1  -1   1   0
   0   0   0   1   0  -1   1   1  -1   1
4 10  M:25 10 N:13 9 H:9,21 [-24]
   1   0   0  -1   0   0   1  -4   3  -6
   0   1   0   1   0   1   1   0  -1  -2
   0   0   1   1   0   1  -2   4  -2   4
   0   0   0   0   1   0  -1   1  -1   1
4 10  M:25 10 N:13 10 H:9,21 [-24]
   1   0   0   1   1   0  -2   4  -2   0
   0   1   0   0  -1   0   3  -4   1  -2
   0   0   1  -1   0   0   1  -4   3  -2
   0   0   0   0   0   1  -1   1  -1   1
#NF: 10
  done (0s)
</pre></body>
